offs    0.00000000000
bg      0.00000000000
impA   10.03300644476
impB    0.00000000000
impC 2820.13546224153
delA   -9.00009102804
delB    0.25000000000
asym    0.00000000000
ann1    0.00000000000
ann2    0.00000000000
sem1    0.00000000000
sem2    0.00000000000
year    0.00000000000
IR      0.00000000000
ma      0.00000000000
mp      0.00000000000
shfT    0.00000000000
init    0.00000000000
   9.10846048930   0.00503827646  -0.61354189709
  29.53064709732   0.00667685176  -2.02493481214
  27.09261953873   0.00209096664   2.08243736263
   6.82354927062  -0.00305610143   0.61900650452
   6.85248206692   0.00892555101   3.37319011903
  13.60611041000   0.01078605354  -0.08858473905
  13.66081618500   0.32502441812  -2.21360223814
3397.64080307470   0.00694657335  -0.45802020930
   9.12068594402   0.04787945056  -2.38953553450
  13.77727494000   0.01633652855   1.31852928075
6795.28160614939   0.00462336625   2.24058186056
  27.55454988000   0.08895676241   2.11259917802
  27.66673720859   0.00423863600  -2.68324289649
  27.44326870576   0.00721947854   0.51481513692
1616.09851046018   0.00366951695   1.25180477852
   6.85939920631   0.01462761143   2.18456161758
   6.83040809250  -0.00057431721  -1.00579761183
   9.55687890432   0.01271227493   1.64989635195
   9.13294426107   0.07469784991   2.93575088370
  27.32163237000   0.00610073822   1.68403716048
  27.21222082000   0.00164223453   1.86593790560
   9.18484996000   0.00657727121   0.45561176469
  14.76532354866   0.02494129411   0.59994126706
  31.81207632701   0.01773170660   1.86222343963
   9.06950090247  -0.00240703385  -2.19655953412
  13.63340841926   0.12577748552  -1.27792118765
  26.98503088862  -0.00450209349   1.69533074293
ltep    0.64063061124
ltep   49.43912521022
ltep   12.70483033925
ltep  100.00894092210
ltep   11.05985668541
ltep -187.94935944951
ltep  591.38414838066
ltep   69.90241254376
ltep  161.01782849704
ltep  394.09212058363
ltep    0.49706263311
harm  20
harm  168
harm  85
harm  25
harm  31
harm  35
harm  0
