1880.0020931038	0.0000000000
1880.0854264372	-0.2666368201
1880.1687597705	-0.4986743102
1880.2520931038	-1.0207134614
1880.3354264372	-1.5540651387
1880.4187597705	-1.0433753795
1880.5020931038	-0.1736178894
1880.5854264372	0.1251785275
1880.6687597705	-0.0079987879
1880.7520931038	-0.0750576479
1880.8354264372	0.0281478465
1880.9187597705	0.2112070019
1881.0020931038	0.4042520328
1881.0854264372	0.5440918125
1881.1687597705	-0.0460574496
1881.2520931038	-1.2780873005
1881.3354264372	-1.4136708847
1881.4187597705	-0.2925583217
1881.5020931038	0.2941073590
1881.5854264372	-0.0123751319
1881.6687597705	-0.8061413436
1881.7520931038	-1.5804264356
1881.8354264372	-1.7131950200
1881.9187597705	-1.5188905794
1882.0020931038	-1.3835943298
1882.0854264372	-1.3770098382
1882.1687597705	-1.8833674900
1882.2520931038	-2.1791829294
1882.3354264372	-1.4316103040
1882.4187597705	-0.8913970775
1882.5020931038	-1.0082428877
1882.5854264372	-0.7907707499
1882.6687597705	-0.6589107384
1882.7520931038	-1.1242988975
1882.8354264372	-1.3657145997
1882.9187597705	-1.0474432811
1883.0020931038	-0.6340873168
1883.0854264372	-0.5107509023
1883.1687597705	-0.9550948810
1883.2520931038	-1.6240526963
1883.3354264372	-1.5835096657
1883.4187597705	-1.1117399659
1883.5020931038	-0.9633947587
1883.5854264372	-1.1711884482
1883.6687597705	-1.6290961483
1883.7520931038	-2.0102136308
1883.8354264372	-1.9074549186
1883.9187597705	-1.3039878373
1884.0020931038	-0.4819088059
1884.0854264372	0.3259905900
1884.1687597705	0.8371178851
1884.2520931038	0.9917633881
1884.3354264372	0.8908404670
1884.4187597705	0.9019386657
1884.5020931038	1.4021078592
1884.5854264372	2.0620158150
1884.6687597705	2.4113824868
1884.7520931038	2.1903151571
1884.8354264372	1.8485516787
1884.9187597705	1.8804572887
1885.0020931038	1.7749662018
1885.0854264372	1.1385629126
1885.1687597705	0.3560512151
1885.2520931038	0.0967777523
1885.3354264372	0.2444207116
1885.4187597705	0.2507314603
1885.5020931038	0.1368862788
1885.5854264372	0.0611290547
1885.6687597705	-0.0493231370
1885.7520931038	-0.0170963709
1885.8354264372	0.0865418101
1885.9187597705	0.1175121752
1886.0020931038	0.3106737749
1886.0854264372	0.0899489541
1886.1687597705	-0.2966723241
1886.2520931038	-0.0912832457
1886.3354264372	0.1167020800
1886.4187597705	-0.2512521940
1886.5020931038	-1.2384836482
1886.5854264372	-1.9978671162
1886.6687597705	-1.7904648308
1886.7520931038	-1.4260807531
1886.8354264372	-1.5327476161
1886.9187597705	-1.6597637668
1887.0020931038	-1.3045341102
1887.0854264372	-0.5103690989
1887.1687597705	0.4599501944
1887.2520931038	0.6664071000
1887.3354264372	-0.5397958619
1887.4187597705	-1.5977605449
1887.5020931038	-1.5216505889
1887.5854264372	-1.2089810958
1887.6687597705	-1.1701309637
1887.7520931038	-0.9608376075
1887.8354264372	-0.3998092561
1887.9187597705	-0.0092003016
1888.0020931038	0.3725943724
1888.0854264372	1.0004685626
1888.1687597705	1.3811331398
1888.2520931038	1.4161602063
1888.3354264372	1.3514589472
1888.4187597705	1.1718103788
1888.5020931038	0.8913794655
1888.5854264372	0.6302578713
1888.6687597705	0.3974314456
1888.7520931038	0.2192277174
1888.8354264372	0.2468090769
1888.9187597705	0.6683722589
1889.0020931038	1.2413039660
1889.0854264372	1.5008461081
1889.1687597705	1.2569848245
1889.2520931038	0.4066015625
1889.3354264372	-0.6228623099
1889.4187597705	-0.9652920861
1889.5020931038	-0.2530004483
1889.5854264372	0.4809037011
1889.6687597705	0.1212735024
1889.7520931038	-0.6270554146
1889.8354264372	-1.0761219821
1889.9187597705	-1.2330757183
1890.0020931038	-1.1905613896
1890.0854264372	-1.7000194890
1890.1687597705	-2.1365321331
1890.2520931038	-1.4646413482
1890.3354264372	-0.2204781370
1890.4187597705	0.4940874899
1890.5020931038	-0.0367194501
1890.5854264372	-0.9229809418
1890.6687597705	-1.1902018643
1890.7520931038	-1.0326473384
1890.8354264372	-0.9418800317
1890.9187597705	-0.7962230830
1891.0020931038	-0.1777273365
1891.0854264372	0.6424603385
1891.1687597705	1.0492838434
1891.2520931038	0.9247341495
1891.3354264372	0.5810475759
1891.4187597705	0.5009203608
1891.5020931038	0.5443950748
1891.5854264372	0.2103300124
1891.6687597705	-0.4305406585
1891.7520931038	-1.1154563679
1891.8354264372	-1.3481442997
1891.9187597705	-1.2819982521
1892.0020931038	-1.7801153279
1892.0854264372	-2.4645609309
1892.1687597705	-2.5113628684
1892.2520931038	-2.5244135989
1892.3354264372	-2.7830515998
1892.4187597705	-2.8048385912
1892.5020931038	-2.7427674528
1892.5854264372	-2.4528981643
1892.6687597705	-1.7617174433
1892.7520931038	-1.2452488988
1892.8354264372	-1.0528162196
1892.9187597705	-1.1908044012
1893.0020931038	-1.8638475169
1893.0854264372	-2.4496518703
1893.1687597705	-2.4690207335
1893.2520931038	-1.9621231750
1893.3354264372	-1.1045786530
1893.4187597705	-0.6141452981
1893.5020931038	-0.6550802668
1893.5854264372	-1.0311616923
1893.6687597705	-1.6186247911
1893.7520931038	-2.0415269938
1893.8354264372	-2.5025465893
1893.9187597705	-3.0575421244
1894.0020931038	-3.3807011591
1894.0854264372	-3.4033972380
1894.1687597705	-3.2395230800
1894.2520931038	-2.9048286070
1894.3354264372	-2.3832697754
1894.4187597705	-2.2688016701
1894.5020931038	-2.8223897908
1894.5854264372	-2.9264105130
1894.6687597705	-2.0681884347
1894.7520931038	-1.3087696354
1894.8354264372	-0.9541313085
1894.9187597705	-0.7947601118
1895.0020931038	-0.7388559745
1895.0854264372	-0.6557185322
1895.1687597705	-0.4658420659
1895.2520931038	-0.1696932740
1895.3354264372	-0.4344926635
1895.4187597705	-1.0059150966
1895.5020931038	-1.2090501250
1895.5854264372	-1.1020482817
1895.6687597705	-0.5896148749
1895.7520931038	-0.0608917500
1895.8354264372	-0.0303603629
1895.9187597705	-0.3899710586
1896.0020931038	-0.8457455062
1896.0854264372	-0.9871612539
1896.1687597705	-0.6799754040
1896.2520931038	-0.2635272347
1896.3354264372	0.2701557851
1896.4187597705	0.5834327504
1896.5020931038	0.2250889054
1896.5854264372	-0.0559158732
1896.6687597705	0.1199194673
1896.7520931038	0.1908152988
1896.8354264372	-0.1246750080
1896.9187597705	-0.3446545523
1897.0020931038	-0.0168632210
1897.0854264372	0.5156848374
1897.1687597705	0.7637157612
1897.2520931038	0.5703495054
1897.3354264372	-0.0226335613
1897.4187597705	-0.4203945656
1897.5020931038	-0.1637876102
1897.5854264371	0.0429395349
1897.6687597705	-0.0854904990
1897.7520931038	-0.1867941678
1897.8354264371	-0.4346829884
1897.9187597705	-0.5525367590
1898.0020931038	-0.3868029407
1898.0854264371	-0.2293850810
1898.1687597705	-0.1527392195
1898.2520931038	-0.0695089699
1898.3354264371	0.2574183321
1898.4187597705	0.3881692009
1898.5020931038	0.2972043764
1898.5854264371	0.3439744528
1898.6687597705	0.2517578565
1898.7520931038	-0.1876468804
1898.8354264371	-0.6262088623
1898.9187597705	-0.5825961667
1899.0020931038	-0.4894813930
1899.0854264371	-0.8123049527
1899.1687597705	-0.8466517561
1899.2520931038	-0.1684741910
1899.3354264371	0.4666070521
1899.4187597705	0.4818283201
1899.5020931038	0.3526852616
1899.5854264371	0.4799596736
1899.6687597705	0.6147959512
1899.7520931038	0.6486565365
1899.8354264371	0.7168716876
1899.9187597705	1.1887612869
1900.0020931038	1.6886503221
1900.0854264371	1.5775952304
1900.1687597705	1.2322621419
1900.2520931038	1.1414375472
1900.3354264371	0.8290097840
1900.4187597705	0.2171159110
1900.5020931038	0.2654974973
1900.5854264371	0.7260972256
1900.6687597705	0.9930557591
1900.7520931038	1.0414535361
1900.8354264371	0.5549632825
1900.9187597705	-0.1675689289
1901.0020931038	-0.6791657012
1901.0854264371	-1.1031602852
1901.1687597705	-1.3673081358
1901.2520931038	-1.2607097321
1901.3354264371	-0.7545232190
1901.4187597705	-0.2100375300
1901.5020931038	0.0221530451
1901.5854264371	0.0988204477
1901.6687597705	0.4802599882
1901.7520931038	0.8475836591
1901.8354264371	0.6180336738
1901.9187597705	0.3087237362
1902.0020931038	0.4868154075
1902.0854264371	1.2108499131
1902.1687597705	2.1288907376
1902.2520931038	2.4118695893
1902.3354264371	1.8159364470
1902.4187597705	1.2141723938
1902.5020931038	0.9675826142
1902.5854264371	0.6476382805
1902.6687597705	0.3120645866
1902.7520931038	0.2509124384
1902.8354264371	0.3312557266
1902.9187597705	0.0241974457
1903.0020931038	-0.3966963787
1903.0854264371	-0.3147684434
1903.1687597705	0.2676319195
1903.2520931038	0.9536797714
1903.3354264371	1.0533278640
1903.4187597705	0.7346785446
1903.5020931038	0.3635506840
1903.5854264371	-0.0063869812
1903.6687597705	0.0928953314
1903.7520931038	0.3629065450
1903.8354264371	0.3959476786
1903.9187597705	0.4324108555
1904.0020931038	0.4512429171
1904.0854264371	0.3878533895
1904.1687597705	0.2209972977
1904.2520931038	0.5517293063
1904.3354264371	1.5526091529
1904.4187597705	2.1622931233
1904.5020931038	2.2156130579
1904.5854264371	2.5772188980
1904.6687597705	3.1423328404
1904.7520931038	2.7814650991
1904.8354264371	1.6269278859
1904.9187597705	1.2109847700
1905.0020931038	1.5990553235
1905.0854264371	1.7431169144
1905.1687597705	1.8793882290
1905.2520931038	2.1891261850
1905.3354264371	2.1957358711
1905.4187597705	1.4423562789
1905.5020931038	0.5610797703
1905.5854264371	0.1749774690
1905.6687597705	0.1702107787
1905.7520931038	0.8704844900
1905.8354264371	1.2289710682
1905.9187597705	0.8819283839
1906.0020931038	0.9820275235
1906.0854264371	1.2370613365
1906.1687597705	1.1853796933
1906.2520931038	1.1703264318
1906.3354264371	0.8679390271
1906.4187597705	0.5877256248
1906.5020931038	0.7573178093
1906.5854264371	0.4468881103
1906.6687597705	-0.3381639617
1906.7520931038	-0.7426114437
1906.8354264371	-1.1098535294
1906.9187597705	-1.6425613507
1907.0020931038	-1.2027083178
1907.0854264371	0.0577024825
1907.1687597705	0.7689850566
1907.2520931038	0.6430136095
1907.3354264371	0.5499596661
1907.4187597705	1.1963837562
1907.5020931038	1.7906410837
1907.5854264371	1.7777153831
1907.6687597705	1.6641754447
1907.7520931038	1.5357443777
1907.8354264371	1.0996366483
1907.9187597705	0.4412770007
1908.0020931038	0.0984034341
1908.0854264371	0.1996003706
1908.1687597705	0.3778497413
1908.2520931038	0.2878388913
1908.3354264371	0.2567517172
1908.4187597705	0.6827285080
1908.5020931038	1.1540745969
1908.5854264371	1.2662175032
1908.6687597705	0.8528312065
1908.7520931038	0.4415055146
1908.8354264371	0.5446205721
1908.9187597705	0.5534638843
1909.0020931038	0.1039441198
1909.0854264371	-0.3857588879
1909.1687597705	-0.7758069126
1909.2520931038	-1.3520225036
1909.3354264371	-1.9050233506
1909.4187597705	-1.8542318207
1909.5020931038	-1.4759834927
1909.5854264371	-1.6572698401
1909.6687597705	-2.0805545924
1909.7520931038	-1.8896343283
1909.8354264371	-1.4285973144
1909.9187597705	-1.4437891875
1910.0020931038	-1.9520720608
1910.0854264371	-1.8239294114
1910.1687597705	-0.7854669810
1910.2520931038	-0.1785643694
1910.3354264371	0.0836780636
1910.4187597705	0.1202599894
1910.5020931038	-0.4946272859
1910.5854264371	-0.6376841547
1910.6687597705	-0.3708026989
1910.7520931038	-0.6648654712
1910.8354264371	-1.1615650931
1910.9187597705	-1.1885844314
1911.0020931038	-0.8294329619
1911.0854264371	-0.8194414561
1911.1687597705	-0.8681308793
1911.2520931038	-0.3233351887
1911.3354264371	0.1659434824
1911.4187597705	0.1895135257
1911.5020931038	0.0304033603
1911.5854264371	-0.3337510539
1911.6687597705	-0.5933777165
1911.7520931038	-0.2953411729
1911.8354264371	0.0260619115
1911.9187597705	-0.0939210871
1912.0020931038	-0.1505397940
1912.0854264371	0.1346578344
1912.1687597705	0.3443310835
1912.2520931038	0.2765828045
1912.3354264371	0.4293079164
1912.4187597705	0.7205656245
1912.5020931038	0.5221025412
1912.5854264371	0.0897083305
1912.6687597705	-0.2011707784
1912.7520931038	-0.2311583930
1912.8354264371	-0.1062184277
1912.9187597705	-0.2536708245
1913.0020931038	-0.3429004955
1913.0854264371	-0.0544886027
1913.1687597705	0.3445047378
1913.2520931038	0.8419576715
1913.3354264371	1.1419950742
1913.4187597705	0.9594169355
1913.5020931038	0.7069277092
1913.5854264371	0.5765680838
1913.6687597705	0.3618173986
1913.7520931038	0.1948096442
1913.8354264371	0.2748388373
1913.9187597705	0.6503179062
1914.0020931038	1.0711894603
1914.0854264371	0.8050239797
1914.1687597705	0.0450618308
1914.2520931038	-0.3069075278
1914.3354264371	-0.3424126500
1914.4187597705	-0.2997102715
1914.5020931038	-0.0198691211
1914.5854264371	0.2780279548
1914.6687597705	0.2114276767
1914.7520931038	-0.0194040716
1914.8354264371	0.2086911194
1914.9187597705	0.9831407141
1915.0020931038	1.7398891270
1915.0854264371	2.0825447132
1915.1687597705	2.1166330320
1915.2520931038	1.8463431877
1915.3354264371	1.2314382602
1915.4187597705	0.2982640136
1915.5020931038	-0.6596924173
1915.5854264371	-0.9710043136
1915.6687597705	-0.9394834744
1915.7520931038	-1.1272888738
1915.8354264371	-1.2081286091
1915.9187597705	-0.9417781743
1916.0020931038	-0.5362889652
1916.0854264371	-0.5749193329
1916.1687597705	-1.0835904726
1916.2520931038	-1.5350181952
1916.3354264371	-1.8339540088
1916.4187597705	-1.9058810315
1916.5020931038	-2.0489158254
1916.5854264371	-2.5243529348
1916.6687597705	-2.6532615332
1916.7520931038	-2.2792399525
1916.8354264371	-2.1069945431
1916.9187597705	-2.1671073738
1917.0020931038	-2.0394656739
1917.0854264371	-1.6814986909
1917.1687597705	-1.1718492553
1917.2520931038	-0.6720800100
1917.3354264371	-0.5203297420
1917.4187597705	-0.8608139766
1917.5020931038	-1.1682489074
1917.5854264371	-1.0710661408
1917.6687597705	-0.7165653254
1917.7520931038	-0.3893772996
1917.8354264371	-0.5271675169
1917.9187597705	-0.8564159494
1918.0020931038	-0.9862056029
1918.0854264371	-0.9039829194
1918.1687597705	-0.5020503929
1918.2520931038	-0.0292446008
1918.3354264371	0.3193861158
1918.4187597705	0.8251686331
1918.5020931038	1.3328532623
1918.5854264371	1.1425391174
1918.6687597705	0.5241236246
1918.7520931038	0.1820096469
1918.8354264371	-0.1277413843
1918.9187597705	-0.4633929280
1919.0020931038	-0.6918946495
1919.0854264371	-1.0021392311
1919.1687597705	-1.2274710467
1919.2520931038	-1.0570266729
1919.3354264371	-0.4845247546
1919.4187597705	-0.0828713861
1919.5020931038	-0.2984254919
1919.5854264371	-0.6593282521
1919.6687597705	-0.8478383043
1919.7520931038	-0.9657562918
1919.8354264371	-0.8258152889
1919.9187597705	-0.6793869898
1920.0020931038	-0.7383559837
1920.0854264371	-0.7644551224
1920.1687597705	-0.9166902713
1920.2520931038	-1.2507357243
1920.3354264371	-1.5345433822
1920.4187597705	-1.5986077560
1920.5020931038	-1.2977683953
1920.5854264371	-0.9450693838
1920.6687597705	-0.9508513813
1920.7520931038	-1.1720891382
1920.8354264371	-1.1987988965
1920.9187597705	-1.1392790854
1921.0020931038	-1.3606481852
1921.0854264371	-1.4099159474
1921.1687597705	-1.2189745876
1921.2520931038	-1.3102786452
1921.3354264371	-1.4800405489
1921.4187597705	-1.4499536327
1921.5020931038	-1.2235395115
1921.5854264371	-0.7141548761
1921.6687597705	-0.2784008155
1921.7520931038	-0.4731930872
1921.8354264371	-1.0439399970
1921.9187597705	-1.4453981725
1922.0020931038	-1.6844698229
1922.0854264371	-1.6050376908
1922.1687597705	-1.0469095613
1922.2520931038	-0.4664961944
1922.3354264371	-0.1980790648
1922.4187597705	-0.1028096604
1922.5020931038	-0.1455277221
1922.5854264371	-0.1884529558
1922.6687597705	0.0136235436
1922.7520931038	-0.1010310203
1922.8354264371	-0.6045793541
1922.9187597705	-0.7356167660
1923.0020931038	-0.3332919586
1923.0854264371	-0.1496118714
1923.1687597705	-0.2323049207
1923.2520931038	0.1006070717
1923.3354264371	0.2986254400
1923.4187597705	0.2499063048
1923.5020931038	0.2776912210
1923.5854264371	0.0871440248
1923.6687597705	-0.3238782140
1923.7520931038	-0.7288953407
1923.8354264371	-0.7760531966
1923.9187597705	-0.7365992231
1924.0020931038	-0.7360132587
1924.0854264371	-0.4284358693
1924.1687597705	-0.2910339901
1924.2520931038	-0.6017125249
1924.3354264371	-1.0789055630
1924.4187597705	-1.6003382590
1924.5020931038	-1.8169767590
1924.5854264371	-1.4145928103
1924.6687597705	-1.0563398674
1924.7520931038	-1.1483864072
1924.8354264371	-1.0886519475
1924.9187597705	-0.9358702184
1925.0020931038	-0.8785788832
1925.0854264371	-0.7891109379
1925.1687597705	-0.7144467810
1925.2520931038	-0.4922566702
1925.3354264371	-0.0599715206
1925.4187597705	0.3956577579
1925.5020931038	0.7605829542
1925.5854264371	1.0181269501
1925.6687597705	1.1284526353
1925.7520931038	1.2529417677
1925.8354264371	1.4744410751
1925.9187597705	1.7135570745
1926.0020931038	2.0506509949
1926.0854264371	2.2316691887
1926.1687597705	2.1850761643
1926.2520931038	2.1838578354
1926.3354264371	2.0203435361
1926.4187597705	1.7650757029
1926.5020931038	1.8568617302
1926.5854264371	2.0470813616
1926.6687597705	1.6682933559
1926.7520931038	1.1356971494
1926.8354264371	0.9973159301
1926.9187597705	0.6714138009
1927.0020931038	0.1855974531
1927.0854264371	0.1853357603
1927.1687597705	0.3086082062
1927.2520931038	0.0281886391
1927.3354264371	-0.1001989866
1927.4187597705	-0.0591626858
1927.5020931038	-0.2774008229
1927.5854264371	-0.3811215310
1927.6687597705	-0.1461412854
1927.7520931038	0.3037231709
1927.8354264371	0.6824920534
1927.9187597705	0.7585312926
1928.0020931038	0.6964715946
1928.0854264371	0.8151564625
1928.1687597705	0.6356813389
1928.2520931038	-0.1133550751
1928.3354264371	-0.7617276164
1928.4187597705	-1.0073313691
1928.5020931038	-0.5879195683
1928.5854264371	0.1815085678
1928.6687597705	0.5001382699
1928.7520931038	0.2838037982
1928.8354264371	-0.0432632149
1928.9187597705	-0.0307081950
1929.0020931038	0.1687971953
1929.0854264371	0.2253604249
1929.1687597705	0.1651470494
1929.2520931038	0.0996440823
1929.3354264371	0.3042414748
1929.4187597705	0.7432522781
1929.5020931038	0.9078236796
1929.5854264371	0.9425523901
1929.6687597705	1.1082452269
1929.7520931038	1.0498741049
1929.8354264371	0.8212255312
1929.9187597705	0.6697715820
1930.0020931038	0.4640892615
1930.0854264371	0.2143103628
1930.1687597705	0.1541618821
1930.2520931038	0.2443913883
1930.3354264371	0.4001264666
1930.4187597705	0.5244750733
1930.5020931038	0.4295494102
1930.5854264371	0.4297626048
1930.6687597705	0.7422820589
1930.7520931038	0.9601546089
1930.8354264371	1.0094591100
1930.9187597705	1.2766186391
1931.0020931038	1.7984829210
1931.0854264371	2.1767257486
1931.1687597705	2.2970217439
1931.2520931038	2.1332891360
1931.3354264371	1.6618028579
1931.4187597705	1.2086504975
1931.5020931038	0.7034965858
1931.5854264371	0.0298576613
1931.6687597705	-0.5393091976
1931.7520931038	-0.9442756523
1931.8354264371	-1.0029644450
1931.9187597705	-0.3181451798
1932.0020931038	0.3400430677
1932.0854264371	0.2063992922
1932.1687597705	-0.0434227338
1932.2520931038	-0.0202228931
1932.3354264371	-0.1218933485
1932.4187597705	-0.2715049317
1932.5020931038	-0.2428214369
1932.5854264371	-0.2329519944
1932.6687597705	-0.4233817193
1932.7520931038	-0.8928211043
1932.8354264371	-1.2570001990
1932.9187597705	-1.2637455807
1933.0020931038	-1.3488368978
1933.0854264371	-1.8059655760
1933.1687597705	-2.3908624970
1933.2520931038	-2.6722274208
1933.3354264371	-2.6577241296
1933.4187597705	-2.4769084101
1933.5020931038	-1.7987855486
1933.5854264371	-1.0721738579
1933.6687597705	-0.9024023885
1933.7520931038	-0.6129414185
1933.8354264371	0.0880363681
1933.9187597705	0.7353817679
1934.0020931038	1.0443947232
1934.0854264371	0.7088927346
1934.1687597704	0.1772928575
1934.2520931038	0.4116897907
1934.3354264371	0.9770391193
1934.4187597704	1.3215145990
1934.5020931038	1.7000351147
1934.5854264371	1.7933638273
1934.6687597704	1.3241019226
1934.7520931038	0.7399988166
1934.8354264371	0.3519247812
1934.9187597704	0.1184327635
1935.0020931038	0.2638866825
1935.0854264371	0.7548315568
1935.1687597704	0.9599685209
1935.2520931038	0.7215952960
1935.3354264371	0.5800434279
1935.4187597704	0.6828639838
1935.5020931038	0.6523147616
1935.5854264371	0.7391539674
1935.6687597704	1.3220738031
1935.7520931038	1.7161236906
1935.8354264371	1.5443828721
1935.9187597704	1.3192197734
1936.0020931038	1.4258661148
1936.0854264371	1.8728631702
1936.1687597704	2.4719658261
1936.2520931038	2.7745653388
1936.3354264371	2.3161239585
1936.4187597704	1.8842979813
1936.5020931038	2.3200053389
1936.5854264371	2.5558769065
1936.6687597704	1.6347033729
1936.7520931038	0.4811759630
1936.8354264371	0.0467054299
1936.9187597704	-0.1136160572
1937.0020931038	-0.2618002145
1937.0854264371	0.3026871836
1937.1687597704	0.9146530454
1937.2520931038	0.5096013231
1937.3354264371	0.1443724741
1937.4187597704	0.4818505729
1937.5020931038	0.9127929855
1937.5854264371	1.1147852366
1937.6687597704	1.1981396699
1937.7520931038	1.0518639959
1937.8354264371	0.4336289749
1937.9187597704	-0.0045454862
1938.0020931038	-0.1122361600
1938.0854264371	-0.3315424951
1938.1687597704	-0.4128015814
1938.2520931038	-0.3064556319
1938.3354264371	-0.1423675266
1938.4187597704	0.3145468633
1938.5020931038	0.6603830308
1938.5854264371	0.5751124545
1938.6687597704	0.6103763182
1938.7520931038	0.4525312588
1938.8354264371	-0.2208593106
1938.9187597704	-0.5308147821
1939.0020931038	-0.1529872855
1939.0854264371	0.2065894898
1939.1687597704	0.0255035284
1939.2520931038	-0.3978543065
1939.3354264371	-0.6504160822
1939.4187597704	-0.8762069516
1939.5020931038	-0.9344968044
1939.5854264371	-0.0739250698
1939.6687597704	1.3244335480
1939.7520931038	1.9634118135
1939.8354264371	2.0453111077
1939.9187597704	2.2957805745
1940.0020931038	2.4769769387
1940.0854264371	2.4860743655
1940.1687597704	2.4812561803
1940.2520931038	2.2556502752
1940.3354264371	1.9048475268
1940.4187597704	1.7420453306
1940.5020931038	1.7980952459
1940.5854264371	2.2116998736
1940.6687597704	2.7928945338
1940.7520931038	3.1718066810
1940.8354264371	3.2712360849
1940.9187597704	3.1105572666
1941.0020931038	2.8999402079
1941.0854264371	2.9689625388
1941.1687597704	3.3191838136
1941.2520931038	3.5403872623
1941.3354264371	3.2592933205
1941.4187597704	2.4905145348
1941.5020931038	1.8822917734
1941.5854264371	1.8989609065
1941.6687597704	2.2832041318
1941.7520931038	2.4435384326
1941.8354264371	2.1097821364
1941.9187597704	1.7091159815
1942.0020931038	1.4167640766
1942.0854264371	1.1864984437
1942.1687597704	1.0559364320
1942.2520931038	0.9084880115
1942.3354264371	0.7276876866
1942.4187597704	0.5486284516
1942.5020931038	0.3119577035
1942.5854264371	-0.2214356117
1942.6687597704	-1.0606674195
1942.7520931038	-1.4800288567
1942.8354264371	-0.9271820634
1942.9187597704	0.0922420426
1943.0020931038	0.6959334506
1943.0854264371	0.4892311569
1943.1687597704	0.0183104243
1943.2520931038	-0.4781323516
1943.3354264371	-1.0942785022
1943.4187597704	-1.3389874658
1943.5020931038	-1.0589392827
1943.5854264371	-0.0202196489
1943.6687597704	1.2175719268
1943.7520931038	1.2552667419
1943.8354264371	0.4364956645
1943.9187597704	-0.2075684010
1944.0020931038	-0.7750922213
1944.0854264371	-1.4381256795
1944.1687597704	-1.7081130185
1944.2520931038	-1.3319291991
1944.3354264371	-1.0262615752
1944.4187597704	-1.0978149956
1944.5020931038	-0.9660221398
1944.5854264371	-0.6886096464
1944.6687597704	-0.4778991484
1944.7520931038	-0.2886439425
1944.8354264371	-0.1930066085
1944.9187597704	-0.1293539522
1945.0020931038	-0.1903705153
1945.0854264371	-0.1999176493
1945.1687597704	0.1058984016
1945.2520931038	0.2912963226
1945.3354264371	0.1400811176
1945.4187597704	0.0136896078
1945.5020931038	-0.2627933572
1945.5854264371	-1.0293801033
1945.6687597704	-1.5116683196
1945.7520931038	-0.8765974574
1945.8354264371	0.1530312014
1945.9187597704	0.6284573577
1946.0020931038	0.4456510730
1946.0854264371	-0.1354492205
1946.1687597704	-0.3030329900
1946.2520931038	0.0285565278
1946.3354264371	0.1744880679
1946.4187597704	-0.0727299601
1946.5020931038	-0.6762030070
1946.5854264371	-1.3043981171
1946.6687597704	-1.2137385662
1946.7520931038	-0.2699379415
1946.8354264371	0.5658327309
1946.9187597704	0.7739228380
1947.0020931038	0.4572739784
1947.0854264371	0.2928655044
1947.1687597704	0.6611170584
1947.2520931038	0.8572849430
1947.3354264371	0.7353925672
1947.4187597704	0.8818722746
1947.5020931038	1.1381279119
1947.5854264371	0.7552710433
1947.6687597704	0.2085565275
1947.7520931038	-0.0200775928
1947.8354264371	-0.4452416559
1947.9187597704	-0.8754433633
1948.0020931038	-1.0987216225
1948.0854264371	-1.0272085107
1948.1687597704	-0.4538542420
1948.2520931038	-0.1999997166
1948.3354264371	-0.5289841168
1948.4187597704	-0.9829226360
1948.5020931038	-1.2363637790
1948.5854264371	-1.3640122499
1948.6687597704	-1.9588821004
1948.7520931038	-2.7483494651
1948.8354264371	-2.8393624638
1948.9187597704	-2.2031870982
1949.0020931038	-1.6713713150
1949.0854264371	-1.4224961614
1949.1687597704	-1.2560907293
1949.2520931038	-1.2297941760
1949.3354264371	-1.2807486637
1949.4187597704	-1.5324666629
1949.5020931038	-1.7005127048
1949.5854264371	-1.4105993623
1949.6687597704	-1.3862663032
1949.7520931038	-1.8717777419
1949.8354264371	-2.0863770392
1949.9187597704	-1.9664988976
1950.0020931038	-2.2304505695
1950.0854264371	-2.6208846429
1950.1687597704	-2.7271059408
1950.2520931038	-2.7519115619
1950.3354264371	-2.4073196366
1950.4187597704	-1.9731086951
1950.5020931038	-1.8067720952
1950.5854264371	-1.5204447077
1950.6687597704	-1.1984178852
1950.7520931038	-1.3367268478
1950.8354264371	-1.6789670237
1950.9187597704	-1.6407531729
1951.0020931038	-1.3151243614
1951.0854264371	-1.1914288065
1951.1687597704	-0.9916377851
1951.2520931038	-0.7341709370
1951.3354264371	-0.7819033948
1951.4187597704	-0.4855690814
1951.5020931038	-0.1270725606
1951.5854264371	-0.4854337484
1951.6687597704	-1.3389747295
1951.7520931038	-1.7692638794
1951.8354264371	-1.6179747103
1951.9187597704	-1.6418493641
1952.0020931038	-1.7336763250
1952.0854264371	-1.7675036669
1952.1687597704	-1.8349027107
1952.2520931038	-1.6174115964
1952.3354264371	-1.1880390668
1952.4187597704	-0.8032793473
1952.5020931038	-0.5122439913
1952.5854264371	-0.4846579920
1952.6687597704	-0.4968132319
1952.7520931038	-0.3113127543
1952.8354264371	-0.4298340360
1952.9187597704	-0.7555448903
1953.0020931038	-0.6512750653
1953.0854264371	-0.3423244623
1953.1687597704	-0.1055367164
1953.2520931038	-0.0665207621
1953.3354264371	-0.3977313665
1953.4187597704	-0.7382485721
1953.5020931038	-0.7388614505
1953.5854264371	-0.4231034842
1953.6687597704	-0.4423365760
1953.7520931038	-0.8642687901
1953.8354264371	-0.9686339307
1953.9187597704	-0.9308819650
1954.0020931038	-0.8550461177
1954.0854264371	-0.3637366550
1954.1687597704	0.0859074641
1954.2520931038	0.0370960386
1954.3354264371	-0.2340578737
1954.4187597704	-0.3063866028
1954.5020931038	0.1799831719
1954.5854264371	0.6186133202
1954.6687597704	0.3802463222
1954.7520931038	-0.2125443665
1954.8354264371	-0.8491298972
1954.9187597704	-1.4686733154
1955.0020931038	-1.9109963230
1955.0854264371	-2.0811150083
1955.1687597704	-2.3358835510
1955.2520931038	-2.5543749229
1955.3354264371	-2.4150257722
1955.4187597704	-2.4764584237
1955.5020931038	-2.7739643399
1955.5854264371	-2.6820254965
1955.6687597704	-2.3634559914
1955.7520931038	-2.1826549257
1955.8354264371	-2.3354477211
1955.9187597704	-2.6263117451
1956.0020931038	-2.3889992313
1956.0854264371	-1.9826800304
1956.1687597704	-1.8649060764
1956.2520931038	-1.4624002164
1956.3354264371	-0.8350267631
1956.4187597704	-0.8095836451
1956.5020931038	-1.5524856010
1956.5854264371	-1.9846281291
1956.6687597704	-1.6485534103
1956.7520931038	-1.3896461962
1956.8354264371	-1.1958637421
1956.9187597704	-0.7634629402
1957.0020931038	-0.2885120822
1957.0854264371	0.4531840587
1957.1687597704	0.9564303608
1957.2520931038	0.6903337701
1957.3354264371	0.8126944541
1957.4187597704	1.5105377326
1957.5020931038	1.7443010859
1957.5854264371	1.4016920538
1957.6687597704	1.0249754936
1957.7520931038	1.1096741888
1957.8354264371	1.2806396296
1957.9187597704	1.1436855566
1958.0020931038	1.2090506068
1958.0854264371	1.6267097289
1958.1687597704	1.6453783432
1958.2520931038	1.2942590217
1958.3354264371	1.1514241175
1958.4187597704	0.9210590305
1958.5020931038	0.5936431137
1958.5854264371	0.7259359820
1958.6687597704	1.1886521710
1958.7520931038	1.2525525463
1958.8354264371	0.8194071204
1958.9187597704	0.4312938518
1959.0020931038	0.3207224604
1959.0854264371	0.3275946199
1959.1687597704	0.1904895366
1959.2520931038	-0.0298593079
1959.3354264371	-0.1394725068
1959.4187597704	0.0927195350
1959.5020931038	0.7496225304
1959.5854264371	1.1429440626
1959.6687597704	0.8850692220
1959.7520931038	0.6109883123
1959.8354264371	0.5700605941
1959.9187597704	0.4444250851
1960.0020931038	0.4149108535
1960.0854264371	0.6646723846
1960.1687597704	0.6435996277
1960.2520931038	0.1855704651
1960.3354264371	-0.1925593194
1960.4187597704	-0.2888047617
1960.5020931038	-0.1465315259
1960.5854264371	0.0358944795
1960.6687597704	0.3946045532
1960.7520931038	0.8938227381
1960.8354264371	1.0348092277
1960.9187597704	0.8409539969
1961.0020931038	0.4485032526
1961.0854264371	-0.0514273270
1961.1687597704	-0.4322321714
1961.2520931038	-0.6065094201
1961.3354264371	-0.6988802787
1961.4187597704	-1.0099489908
1961.5020931038	-1.2914546805
1961.5854264371	-1.3891183706
1961.6687597704	-1.4243451888
1961.7520931038	-1.1077625719
1961.8354264371	-0.7684007659
1961.9187597704	-0.7345861770
1962.0020931038	-0.8573087135
1962.0854264371	-1.2304375357
1962.1687597704	-1.6477389607
1962.2520931038	-1.5032538519
1962.3354264371	-1.1646362764
1962.4187597704	-1.3026821417
1962.5020931038	-1.1528736432
1962.5854264371	-0.5008416533
1962.6687597704	-0.1070288145
1962.7520931038	0.1813684516
1962.8354264371	0.3045937315
1962.9187597704	0.0687201001
1963.0020931038	-0.2842178217
1963.0854264371	-0.6572998869
1963.1687597704	-0.8436484869
1963.2520931038	-0.8635116343
1963.3354264371	-0.2973801125
1963.4187597704	0.5684989197
1963.5020931038	0.4937650337
1963.5854264371	0.1085350900
1963.6687597704	0.2103676544
1963.7520931038	0.2076566743
1963.8354264371	-0.1983803331
1963.9187597704	-0.7943734992
1964.0020931038	-1.4177223719
1964.0854264371	-1.5758865283
1964.1687597704	-1.1764695796
1964.2520931038	-1.1521198925
1964.3354264371	-1.4418997473
1964.4187597704	-1.3041682499
1964.5020931038	-0.9229528369
1964.5854264371	-0.7572929873
1964.6687597704	-0.8457953641
1964.7520931038	-0.8980241119
1964.8354264371	-0.6314223186
1964.9187597704	-0.2333601163
1965.0020931038	-0.1751353986
1965.0854264371	-0.4605579253
1965.1687597704	-0.7558306643
1965.2520931038	-0.5927292940
1965.3354264371	0.1531344406
1965.4187597704	0.7132551853
1965.5020931038	0.7175106578
1965.5854264371	0.5592400829
1965.6687597704	0.1647343301
1965.7520931038	-0.3063087002
1965.8354264371	-0.4626613313
1965.9187597704	-0.4400229848
1966.0020931038	-0.3610646475
1966.0854264371	-0.2284296444
1966.1687597704	-0.0381142778
1966.2520931038	0.0536049416
1966.3354264371	0.0241069821
1966.4187597704	-0.1148017638
1966.5020931038	-0.3476418197
1966.5854264371	-0.3853463352
1966.6687597704	-0.3019328122
1966.7520931038	-0.3659589401
1966.8354264371	-0.4812784385
1966.9187597704	-0.6165174404
1967.0020931038	-0.8439364630
1967.0854264371	-1.0293091784
1967.1687597704	-1.0350020222
1967.2520931038	-1.0223638612
1967.3354264371	-0.9243570206
1967.4187597704	-0.4686668665
1967.5020931038	-0.0042286975
1967.5854264371	-0.1029557277
1967.6687597704	-0.6154451808
1967.7520931038	-0.7048120102
1967.8354264371	-0.1700025689
1967.9187597704	0.1056890080
1968.0020931038	-0.2355977562
1968.0854264371	-0.3733872001
1968.1687597704	0.0071947178
1968.2520931038	0.2428334488
1968.3354264371	0.1608546674
1968.4187597704	0.1199527410
1968.5020931038	0.1243610091
1968.5854264371	0.0758116112
1968.6687597704	-0.1079439148
1968.7520931038	-0.4862172324
1968.8354264371	-0.7965155202
1968.9187597704	-0.8143447337
1969.0020931038	-0.6864152234
1969.0854264371	-0.1290814681
1969.1687597704	0.4933957513
1969.2520931038	0.1951205190
1969.3354264371	-0.4111474383
1969.4187597704	-0.1615143660
1969.5020931038	0.6750426667
1969.5854264371	1.1520203647
1969.6687597704	1.3017047746
1969.7520931038	1.3906117108
1969.8354264371	1.4325435677
1969.9187597704	1.1959760355
1970.0020931038	0.3720846667
1970.0854264371	-0.3147187122
1970.1687597704	-0.4559143895
1970.2520931038	-0.8140833241
1970.3354264371	-1.3062711327
1970.4187597704	-1.3253319888
1970.5020931038	-0.9987345578
1970.5854264371	-0.7786167864
1970.6687597704	-0.9311238959
1970.7520931037	-1.2375648463
1970.8354264371	-1.4198568662
1970.9187597704	-1.5211428244
1971.0020931037	-1.6764206894
1971.0854264371	-1.8781285384
1971.1687597704	-2.1315300851
1971.2520931037	-1.8534336946
1971.3354264371	-0.8307884928
1971.4187597704	-0.2289567668
1971.5020931037	-0.5228704424
1971.5854264371	-1.2331056198
1971.6687597704	-1.9177522808
1971.7520931037	-2.1917568374
1971.8354264371	-1.8982085924
1971.9187597704	-1.4403332756
1972.0020931037	-1.4450625991
1972.0854264371	-1.6859696152
1972.1687597704	-1.5599674151
1972.2520931037	-0.8853614901
1972.3354264371	-0.0798634773
1972.4187597704	0.2095357945
1972.5020931037	0.1806263494
1972.5854264371	0.1381664508
1972.6687597704	0.0885589532
1972.7520931037	0.1233880275
1972.8354264371	0.0423271187
1972.9187597704	-0.3122749864
1973.0020931037	-0.7615074475
1973.0854264371	-1.0416764975
1973.1687597704	-1.0409125722
1973.2520931037	-0.9462560478
1973.3354264371	-0.8740758397
1973.4187597704	-0.8239415816
1973.5020931037	-0.9598651393
1973.5854264371	-1.0743868444
1973.6687597704	-0.9839390722
1973.7520931037	-1.1021558613
1973.8354264371	-1.3115238858
1973.9187597704	-1.0751212037
1974.0020931037	-0.7166292458
1974.0854264371	-0.5997974950
1974.1687597704	-0.3971277090
1974.2520931037	-0.0894982457
1974.3354264371	0.2268333477
1974.4187597704	0.4354835866
1974.5020931037	0.3714914746
1974.5854264371	0.2203736306
1974.6687597704	-0.1373268795
1974.7520931037	-0.6095918823
1974.8354264371	-0.8413310821
1974.9187597704	-1.0911002120
1975.0020931037	-1.5674828688
1975.0854264371	-1.8222520480
1975.1687597704	-1.5186803167
1975.2520931037	-1.1389482815
1975.3354264371	-1.0869547619
1975.4187597704	-1.2111385139
1975.5020931037	-1.4827762312
1975.5854264371	-1.7330899159
1975.6687597704	-1.6431157911
1975.7520931037	-1.3543894796
1975.8354264371	-1.2684858511
1975.9187597704	-1.3617935806
1976.0020931037	-1.3352563830
1976.0854264371	-1.2450381322
1976.1687597704	-0.8515787954
1976.2520931037	0.0642404030
1976.3354264371	0.7299281254
1976.4187597704	0.8940671573
1976.5020931037	1.0959723480
1976.5854264371	1.2608389132
1976.6687597704	1.2450482035
1976.7520931037	1.3773201223
1976.8354264371	1.4645085494
1976.9187597704	1.0239500225
1977.0020931037	0.4142272686
1977.0854264371	0.2526257349
1977.1687597704	0.4412065843
1977.2520931037	0.5557334550
1977.3354264371	0.4049185116
1977.4187597704	0.0362483280
1977.5020931037	-0.0878718805
1977.5854264371	0.1540677575
1977.6687597704	0.5112098258
1977.7520931037	0.9544464476
1977.8354264371	1.3825162689
1977.9187597704	1.6259377321
1978.0020931037	1.5351382759
1978.0854264371	1.2263822986
1978.1687597704	0.5285508765
1978.2520931037	-0.3127431979
1978.3354264371	-0.5419672796
1978.4187597704	-0.2601124862
1978.5020931037	0.1499090250
1978.5854264371	0.1780815683
1978.6687597704	-0.0858117805
1978.7520931037	-0.3254716674
1978.8354264371	-0.4998010111
1978.9187597704	-0.2195592021
1979.0020931037	0.3753582113
1979.0854264371	0.7906071475
1979.1687597704	0.8466402371
1979.2520931037	0.7276907852
1979.3354264371	0.7959611211
1979.4187597704	1.1924142968
1979.5020931037	1.4273403354
1979.5854264371	1.2353793791
1979.6687597704	1.0068595750
1979.7520931037	1.0707762115
1979.8354264371	1.3262075133
1979.9187597704	1.4559378807
1980.0020931037	1.5172815008
1980.0854264371	1.1258202767
1980.1687597704	0.3762829880
1980.2520931037	0.1905483989
1980.3354264371	0.2971024399
1980.4187597704	0.5814705975
1980.5020931037	1.1202000763
1980.5854264371	1.1425129906
1980.6687597704	1.0940389442
1980.7520931037	1.5756976870
1980.8354264371	1.9395403871
1980.9187597704	1.9212981853
1981.0020931037	1.7871822188
1981.0854264371	1.8041208109
1981.1687597704	1.7575764360
1981.2520931037	1.3327942101
1981.3354264371	0.9783363774
1981.4187597704	0.7727799742
1981.5020931037	0.6192168106
1981.5854264371	0.8188284746
1981.6687597704	0.8599137639
1981.7520931037	0.4944172968
1981.8354264371	0.2707962394
1981.9187597704	0.1771284735
1982.0020931037	-0.0673402223
1982.0854264371	-0.3421528115
1982.1687597704	-0.1680801345
1982.2520931037	0.3004412104
1982.3354264371	0.6316375925
1982.4187597704	0.8189965520
1982.5020931037	0.5809724304
1982.5854264371	0.3414511468
1982.6687597704	0.6659571314
1982.7520931037	1.2042868656
1982.8354264371	1.8731410813
1982.9187597704	2.3508117515
1983.0020931037	2.2107137042
1983.0854264371	2.0670393298
1983.1687597704	2.4033575049
1983.2520931037	2.5515744373
1983.3354264371	1.9849860092
1983.4187597704	1.3146975293
1983.5020931037	1.2217199166
1983.5854264371	1.5638347090
1983.6687597704	1.7802387983
1983.7520931037	1.6400035063
1983.8354264371	1.5473808984
1983.9187597704	1.5421148363
1984.0020931037	1.3019650433
1984.0854264371	0.8262659267
1984.1687597704	0.2823815306
1984.2520931037	0.2163767288
1984.3354264371	0.5271493473
1984.4187597704	0.6933374530
1984.5020931037	0.7303635325
1984.5854264371	0.5976981631
1984.6687597704	0.5883695117
1984.7520931037	0.7732182439
1984.8354264371	0.5791505232
1984.9187597704	0.1147169424
1985.0020931037	-0.1548661934
1985.0854264371	-0.0559766494
1985.1687597704	0.4199268810
1985.2520931037	0.8371692261
1985.3354264371	0.8362014059
1985.4187597704	0.6456996478
1985.5020931037	0.2924600348
1985.5854264371	0.0608236499
1985.6687597704	0.5698158631
1985.7520931037	1.4157336727
1985.8354264371	2.0232878117
1985.9187597704	2.1411079423
1986.0020931037	1.7904879283
1986.0854264371	1.4368177091
1986.1687597704	1.3490738100
1986.2520931037	1.2310805765
1986.3354264371	0.8573139490
1986.4187597704	0.8316142147
1986.5020931037	1.3760933771
1986.5854264371	1.8468335082
1986.6687597704	1.9240995232
1986.7520931037	1.9708358085
1986.8354264371	2.0961575520
1986.9187597704	2.0763801917
1987.0020931037	2.0046802979
1987.0854264371	1.7600596529
1987.1687597704	1.6347197034
1987.2520931037	2.0298376345
1987.3354264371	2.3575908448
1987.4187597704	2.2115264396
1987.5020931037	1.8517807113
1987.5854264371	1.6337491983
1987.6687597704	1.4130524631
1987.7520931037	1.1228760714
1987.8354264371	1.0703114919
1987.9187597704	1.0704237007
1988.0020931037	0.9622458219
1988.0854264371	0.8243819747
1988.1687597704	0.6067039132
1988.2520931037	0.2411727422
1988.3354264371	-0.1540200237
1988.4187597704	-0.2307382723
1988.5020931037	-0.0438680638
1988.5854264371	0.0180817309
1988.6687597704	-0.3871423493
1988.7520931037	-1.0191887572
1988.8354264371	-1.1272305736
1988.9187597704	-0.6585627539
1989.0020931037	-0.1188791977
1989.0854264371	0.1678080215
1989.1687597704	0.4156750676
1989.2520931037	0.5553582368
1989.3354264371	0.2656000924
1989.4187597704	-0.0283994847
1989.5020931037	-0.1835793407
1989.5854264371	-0.1739993154
1989.6687597704	0.0149554226
1989.7520931037	-0.1714759977
1989.8354264371	-0.4187616188
1989.9187597704	-0.0493864941
1990.0020931037	0.4331533536
1990.0854264371	0.4866962263
1990.1687597704	0.4018381949
1990.2520931037	0.3842372291
1990.3354264371	0.3473154427
1990.4187597704	0.0983846773
1990.5020931037	-0.4904884368
1990.5854264371	-1.1111629499
1990.6687597704	-1.3433123672
1990.7520931037	-1.0065720610
1990.8354264371	-0.4910560007
1990.9187597704	-0.4794752245
1991.0020931037	-0.8695308827
1991.0854264371	-1.2481796620
1991.1687597704	-1.4181413704
1991.2520931037	-1.0566795038
1991.3354264371	-0.2214675490
1991.4187597704	0.5175725696
1991.5020931037	0.7920140401
1991.5854264371	0.6342069353
1991.6687597704	0.4285415295
1991.7520931037	0.5716134815
1991.8354264371	0.7914760937
1991.9187597704	0.9207230395
1992.0020931037	1.3369357088
1992.0854264371	1.8380768833
1992.1687597704	1.9567410590
1992.2520931037	1.7626421352
1992.3354264371	1.3768446102
1992.4187597704	1.2253299425
1992.5020931037	1.4942945965
1992.5854264371	1.4450839040
1992.6687597704	0.9076853130
1992.7520931037	0.6070554605
1992.8354264371	0.8044961319
1992.9187597704	1.2052599815
1993.0020931037	1.7314400468
1993.0854264371	2.2783250948
1993.1687597704	2.3560278583
1993.2520931037	2.1564104933
1993.3354264371	2.0623435202
1993.4187597704	1.8638090489
1993.5020931037	1.6711910836
1993.5854264371	1.4746638280
1993.6687597704	1.2979279794
1993.7520931037	1.1399896875
1993.8354264371	0.9206502892
1993.9187597704	0.9636796416
1994.0020931037	1.1390331891
1994.0854264371	1.0371173163
1994.1687597704	0.5325156452
1994.2520931037	-0.0620186563
1994.3354264371	-0.4301262240
1994.4187597704	-0.5676097687
1994.5020931037	-0.6976667699
1994.5854264371	-1.1850466398
1994.6687597704	-1.2684430050
1994.7520931037	-0.2717826186
1994.8354264371	0.8447461690
1994.9187597704	1.3057798428
1995.0020931037	1.4515908788
1995.0854264371	1.6574943360
1995.1687597704	1.7515734203
1995.2520931037	1.4488863556
1995.3354264371	1.2194238843
1995.4187597704	1.3356252709
1995.5020931037	1.0706939275
1995.5854264371	0.6463829776
1995.6687597704	0.7320417071
1995.7520931037	1.1538919976
1995.8354264371	1.4956318969
1995.9187597704	1.5974384119
1996.0020931037	1.8384157581
1996.0854264371	1.9874914691
1996.1687597704	1.4925311771
1996.2520931037	0.7140898945
1996.3354264371	0.2899712787
1996.4187597704	0.4370892102
1996.5020931037	0.7435423356
1996.5854264371	0.7984281487
1996.6687597704	0.8135368687
1996.7520931037	0.9726902689
1996.8354264371	1.0799612783
1996.9187597704	1.2006369132
1997.0020931037	1.5908012781
1997.0854264371	2.3379539497
1997.1687597704	2.7315775582
1997.2520931037	2.5759194192
1997.3354264371	2.5641791075
1997.4187597704	2.5180325777
1997.5020931037	2.3164767754
1997.5854264371	2.0894475482
1997.6687597704	1.8719808440
1997.7520931037	2.0339604088
1997.8354264371	2.4181072901
1997.9187597704	2.1699605529
1998.0020931037	1.2715210413
1998.0854264371	0.5229890554
1998.1687597704	0.1788237739
1998.2520931037	0.2007029714
1998.3354264371	0.1996477497
1998.4187597704	-0.4067425876
1998.5020931037	-0.8819765018
1998.5854264371	-0.6763254624
1998.6687597704	-0.4670190818
1998.7520931037	-0.4486484948
1998.8354264371	-0.5573897355
1998.9187597704	-0.9183095408
1999.0020931037	-1.4605346397
1999.0854264371	-1.8666925545
1999.1687597704	-1.7825007883
1999.2520931037	-1.3985833359
1999.3354264371	-1.2601346510
1999.4187597704	-1.4955263095
1999.5020931037	-1.7602717183
1999.5854264371	-1.7443086369
1999.6687597704	-1.7021319171
1999.7520931037	-1.5369201910
1999.8354264371	-0.8654699804
1999.9187597704	-0.2121449793
2000.0020931037	-0.0840821492
2000.0854264371	-0.2317465377
2000.1687597704	-0.4088147033
2000.2520931037	-0.6803966610
2000.3354264371	-0.8232324759
2000.4187597704	-0.8587629542
2000.5020931037	-0.9821111868
2000.5854264371	-0.7230977978
2000.6687597704	0.0294506879
2000.7520931037	0.5323269537
2000.8354264371	0.5002494078
2000.9187597704	0.1656635146
2001.0020931037	-0.2716477365
2001.0854264371	-0.5340188447
2001.1687597704	-0.8672739539
2001.2520931037	-1.1488821943
2001.3354264371	-1.0262519288
2001.4187597704	-0.9517247016
2001.5020931037	-0.8281296230
2001.5854264371	-0.5245030365
2001.6687597704	-0.1996368271
2001.7520931037	0.0026983223
2001.8354264371	-0.1420355112
2001.9187597704	-0.2481197434
2002.0020931037	-0.3068333184
2002.0854264371	-0.4831030124
2002.1687597704	-0.4205689371
2002.2520931037	0.0380850184
2002.3354264371	0.4970005401
2002.4187597704	0.6200782347
2002.5020931037	0.8919433882
2002.5854264371	1.5483489824
2002.6687597704	2.0925634046
2002.7520931037	2.2706419136
2002.8354264371	2.1946222615
2002.9187597704	1.8620506256
2003.0020931037	1.3353314302
2003.0854264371	0.8331166129
2003.1687597704	0.6391897566
2003.2520931037	0.9708234128
2003.3354264371	1.1233136948
2003.4187597704	0.9780361622
2003.5020931037	0.9512356503
2003.5854264371	0.6598735276
2003.6687597704	0.3231734547
2003.7520931037	0.3415230311
2003.8354264371	0.5636864502
2003.9187597704	0.6901652308
2004.0020931037	0.7662724334
2004.0854264371	0.7676600614
2004.1687597704	0.5267900038
2004.2520931037	0.4445500872
2004.3354264371	0.5202124583
2004.4187597704	0.3158840545
2004.5020931037	-0.1095700209
2004.5854264371	-0.3563019175
2004.6687597704	-0.1356715715
2004.7520931037	0.3433649053
2004.8354264371	0.8900204084
2004.9187597704	1.3019717740
2005.0020931037	1.4671791922
2005.0854264371	1.5437669790
2005.1687597704	1.2040649092
2005.2520931037	0.5995544890
2005.3354264371	0.1318905324
2005.4187597704	-0.4645199515
2005.5020931037	-1.0634656261
2005.5854264371	-0.8508722591
2005.6687597704	0.0975189906
2005.7520931037	0.7944523719
2005.8354264371	0.7659379846
2005.9187597704	0.2982232527
2006.0020931037	0.0767498642
2006.0854264371	0.3529631293
2006.1687597704	0.7955763923
2006.2520931037	0.7953374433
2006.3354264371	0.1783081599
2006.4187597704	-0.1545699082
2006.5020931037	0.0640032963
2006.5854264371	0.2071857161
2006.6687597704	0.2396389094
2006.7520931037	0.2172811637
2006.8354264371	0.0538310918
2006.9187597704	-0.0144607870
2007.0020931037	0.1609254048
2007.0854264371	0.3434492812
2007.1687597704	0.5630849870
2007.2520931037	0.7570225624
2007.3354264371	0.4548413537
2007.4187597704	-0.4772316194
2007.5020931037	-1.2784331279
2007.5854264370	-1.2021554694
2007.6687597704	-1.0287083150
2007.7520931037	-1.2788128827
2007.8354264370	-1.2114513444
2007.9187597704	-1.0426617732
2008.0020931037	-1.2483051391
2008.0854264370	-1.3990822749
2008.1687597704	-1.3584912707
2008.2520931037	-1.1900984584
2008.3354264370	-1.0501165036
2008.4187597704	-1.0998283585
2008.5020931037	-1.1442546239
2008.5854264370	-1.0979054875
2008.6687597704	-1.1691586746
2008.7520931037	-1.3126777357
2008.8354264370	-1.3534766442
2008.9187597704	-1.4652029862
2009.0020931037	-1.3776117438
2009.0854264370	-0.8055754791
2009.1687597704	-0.2930518424
2009.2520931037	-0.0693093494
2009.3354264370	0.3241918171
2009.4187597704	0.7279038837
2009.5020931037	0.4896527288
2009.5854264370	0.0409170205
2009.6687597704	0.1961983394
2009.7520931037	0.7593336080
2009.8354264370	1.0892969097
2009.9187597704	1.0605288469
2010.0020931037	0.8986362417
2010.0854264370	0.5361907256
2010.1687597704	-0.2064621122
2010.2520931037	-0.9807479652
2010.3354264370	-1.3687679110
2010.4187597704	-1.3456009492
2010.5020931037	-1.0311140354
2010.5854264370	-1.0273981073
2010.6687597704	-1.3747465946
2010.7520931037	-1.3477083753
2010.8354264370	-0.9666878829
2010.9187597704	-0.6444407501
2011.0020931037	-0.5255436078
2011.0854264370	-0.6929899973
2011.1687597704	-1.1927390210
2011.2520931037	-1.6849778024
2011.3354264370	-1.7884854524
2011.4187597704	-1.5899388107
2011.5020931037	-1.6590061086
2011.5854264370	-2.0928940667
2011.6687597704	-2.1414598082
2011.7520931037	-1.6983545868
2011.8354264370	-1.3017981153
2011.9187597704	-0.9587328579
2012.0020931037	-0.7650452012
2012.0854264370	-0.9808356341
2012.1687597704	-1.2831908460
2012.2520931037	-1.4915011376
2012.3354264370	-1.6511369005
2012.4187597704	-1.4256228630
2012.5020931037	-0.6871428764
2012.5854264370	-0.3961881343
2012.6687597704	-0.7067540606
2012.7520931037	-0.8015071693
2012.8354264370	-0.7750713148
2012.9187597704	-0.6381817796
2013.0020931037	-0.2235106431
2013.0854264370	-0.0938996121
2013.1687597704	-0.4744474691
2013.2520931037	-0.8050194691
2013.3354264370	-0.7496036364
2013.4187597704	-0.6286921258
2013.5020931037	-0.6391030117
2013.5854264370	-0.5637971310
2013.6687597704	-0.4012414527
2013.7520931037	-0.1408157323
2013.8354264370	0.3886730196
2013.9187597704	1.0204309734
2014.0020931037	1.4887813113
2014.0854264370	1.4420679560
2014.1687597704	0.9613741066
2014.2520931037	0.8667994198
2014.3354264370	1.0717752284
2014.4187597704	1.3545101419
2014.5020931037	1.7441921698
2014.5854264370	2.0826733291
2014.6687597704	2.3662959241
2014.7520931037	2.4782084664
2014.8354264370	2.5387517792
2014.9187597704	2.4106550030
2015.0020931037	1.9150691886
2015.0854264370	1.5553892719
2015.1687597704	1.6897844976
2015.2520931037	1.8782036129
2015.3354264370	1.8363019223
2015.4187597704	1.8405807691
2015.5020931037	1.6822817274
2015.5854264370	1.2656778359
2015.6687597704	1.2134194372
2015.7520931037	1.7367082176
2015.8354264370	2.4790152552
2015.9187597704	2.9679630888
2016.0020931037	2.9579069346
2016.0854264370	2.4992606119
2016.1687597704	1.8804990152
2016.2520931037	1.3767325614
2016.3354264370	0.9062305972
2016.4187597704	0.5248330712
2016.5020931037	0.6752085121
2016.5854264370	1.1250054451
2016.6687597704	1.0932382824
2016.7520931037	0.8968215685
2016.8354264370	1.0397439269
2016.9187597704	1.2451890660
2017.0020931037	1.2883045796
2017.0854264370	1.1516759615
2017.1687597704	0.8043975380
2017.2520931037	0.4334279824
2017.3354264370	0.4048357292
2017.4187597704	0.4607775730
2017.5020931037	0.2860585674
2017.5854264370	0.2779765974
2017.6687597704	0.6044631991
2017.7520931037	0.7913677730
2017.8354264370	0.5898449414
2017.9187597704	0.3469421245
2018.0020931037	0.3445106270
2018.0854264370	0.3308454795
2018.1687597704	0.3366483756
2018.2520931037	0.5766081414
2018.3354264370	0.6781737592
2018.4187597704	0.5269542248
2018.5020931037	0.2958427508
2018.5854264370	0.2227031555
2018.6687597704	0.3935410073
2018.7520931037	0.4257278786
2018.8354264370	0.4727473709
2018.9187597704	0.8223843911
2019.0020931037	1.1404151119
2019.0854264370	1.1441130219
2019.1687597704	1.0542220440
2019.2520931037	1.0354957803
2019.3354264370	0.9113407202
2019.4187597704	0.5649601349
2019.5020931037	0.2019543342
2019.5854264370	0.3548339908
2019.6687597704	0.4573594146
2019.7520931037	-0.0304915585
2019.8354264370	-0.3909837611
2019.9187597704	-0.4545314295
2020.0020931037	-0.2584340259
2020.0854264370	-0.0081858605
2020.1687597704	-0.1374662304
2020.2520931037	-0.4288981463
2020.3354264370	-0.5613338611
2020.4187597704	-0.4329293613
2020.5020931037	-0.4246676192
2020.5854264370	-0.6686510563
2020.6687597704	-0.6039019840
2020.7520931037	-0.4396292063
2020.8354264370	-0.6221426098
2020.9187597704	-0.8891802306
2021.0020931037	-1.0788710693
2021.0854264370	-1.1772077671
2021.1687597704	-1.1163118873
2021.2520931037	-0.8006945081
2021.3354264370	-0.6251490463
2021.4187597704	-0.6467754152
2021.5020931037	-0.2985709111
2021.5854264370	0.0000000000
2021.6687597704	0.0000000000
2021.7520931037	-0.4400000000
2021.8354264370	-0.9750000000
2021.9187597704	-0.9200000000
2022.0020931037	-0.7250000000
2022.0854264370	-0.7600000000
