offs    0.00000000000
bg      0.00000000000
impA    4.99585406780
impB    0.10153889749
impC    8.19761320869
delA    5.00579113723
delB    0.25000000000
asym    0.00000000000
ann1    0.00000000000
ann2    0.00000000000
sem1    0.00000000000
sem2    0.00000000000
year    0.00000000000
IR      0.00000000000
ma      0.00039544354
mp      0.00015254239
shfT    0.04381317113
init    0.00000000000
   9.10846048930   0.00191627235  -1.06818653255
  29.53064709718   0.00290383971  -1.29567243487
  27.09261953873   0.00342339692  -2.11335180809
   6.82354927062   0.00249031510  -0.96051598165
   6.85248206692   0.00030387702  -0.37341424692
  13.60611041000   0.00872190665  -2.32305049307
  13.66081618500   0.25290709080   2.16453513198
3397.64080307470   0.00066807641   0.20582772923
   9.12068594402   0.02029335898  -1.88701068817
  13.77727494000   0.01001673202  -0.36612037296
6795.28160614939   0.00116120739  -3.08830993541
  27.55454988000   0.08066880732  -1.89128014709
  27.66673720859   0.00482459533  -0.47653321864
  27.44326870576   0.00533367101   2.34953609469
1616.09851046018   0.00086338970   2.58642756090
   6.85939920631   0.00400866498  -1.58013695376
   6.83040809250   0.00064831140  -0.08341988720
   9.55687890429   0.00889737711   2.73328862062
   9.13294426107   0.05028561417  -2.86697984794
  27.32163237000   0.00208774950  -0.92895218289
  27.21222082000   0.00313396920   3.07335335227
   9.18484996000   0.00098086057   0.76903795167
  14.76532354859   0.02184986530  -1.40180875682
  31.81207632667   0.01418718106  -2.50388227644
   9.06950090247   0.00036115735  -2.57996248324
  13.63340841926   0.10382542126   3.13405021849
  26.98503088862   0.00474205260  -1.91359574654
ltep   -0.63476952628
ltep   46.18895300964
ltep   13.51699225897
ltep  101.07696103422
ltep   16.58096161712
ltep  186.50964296871
ltep  589.09649250740
ltep   68.04009626952
ltep  156.04116261220
ltep  396.31380561711
ltep    0.55458345330
harm  276
harm  240
harm  15
harm  25
harm  190
harm  380
harm  0
