0.002740589	0.011725705
0.002894679	-0.002047754
0.00292927	-0.025134044
0.002905685	-0.043635103
0.002971723	-0.060730162
0.002971723	-0.088419675
0.003004743	-0.122620724
0.003037762	-0.150306594
0.003070781	-0.186136438
0.0031038	-0.225223872
0.003136819	-0.264311306
0.003169838	-0.298512356
0.003169838	-0.337603433
0.003202857	-0.384834842
0.003235877	-0.430437456
0.003268896	-0.480926454
0.003301915	-0.521642683
0.003334934	-0.563987707
0.003391538	-0.593299768
0.003367953	-0.624792406
0.003447199	-0.652093122
0.003489023	-0.674728756
0.003764183	-0.479243001
0.003764183	-0.519962874
0.003731164	-0.555800006
0.003731164	-0.586747109
0.003698145	-0.614440267
0.003665125	-0.682853297
0.003830221	-0.388023199
0.003830221	-0.436887046
0.003731164	-0.635610957
0.00389626	-0.285401832
0.00386324	-0.337526913
0.003731164	-0.655156496
0.003962298	-0.18440926
0.003929279	-0.233276751
0.004028336	-0.032924045
0.004028336	-0.081787893
0.003995317	-0.137170563
0.004094374	0.061553347
0.004061355	0.015943446
0.004160413	0.147886765
0.004127394	0.110420838
0.004242961	0.230435057
0.004226451	0.209516793
0.004193432	0.181769343
0.004278338	0.266801807
0.004292489	0.247583589
0.004373536	0.296130621
0.004617964	0.228073968
0.004622681	0.201688011
0.004523623	0.19190431
0.004622681	0.169112113
0.004606171	0.270095575
0.004556642	0.245658186
0.004688719	0.139801092
0.004688719	0.107225194
0.004589662	0.305927241
0.004589662	0.286381702
0.004721738	0.082796914
0.004754757	0.056739839
0.004787777	0.020909995
0.004820796	-0.00840467
0.004886834	-0.039344485
0.004886834	-0.057261229
0.004929287	-0.083084578
0.004985891	-0.10122776
0.005018911	-0.120769655
0.005061364	-0.141939304
0.005139981	-0.158761509
0.005316083	-0.175572956
0.005628264	-0.195034687
0.005613255	-0.164681529
0.005679294	-0.221899236
0.005712313	-0.24057244
0.005745332	-0.264566375
0.005745332	-0.285197777
0.005778351	-0.307997262
0.00581137	-0.330796747
0.005844389	-0.356853822
0.005877408	-0.387797281
0.005910428	-0.412225561
0.005943447	-0.441540225
0.005943447	-0.474116124
0.005976466	-0.509945968
0.006009485	-0.540889427
0.006042504	-0.575090476
0.006075523	-0.602776346
0.006141562	-0.624486324
0.006152568	-0.652898532
0.006194392	-0.67589612
0.006471753	-0.581558286
0.006438734	-0.605993854
0.006537791	-0.480565714
0.006537791	-0.521285587
0.006504772	-0.553865129
0.006471753	-0.625535749
0.006438734	-0.645084932
0.00660383	-0.407262655
0.006570811	-0.447986172
0.006460747	-0.668971494
0.006669868	-0.325815622
0.006636849	-0.368167934
0.006735906	-0.229709435
0.006702887	-0.276948131
0.006801945	-0.092883375
0.006768925	-0.138493276
0.006768925	-0.185728329
0.006867983	-0.016322726
0.006834964	-0.058675038
0.006934021	0.060237922
0.006901002	0.026029585
0.007004776	0.159974516
0.007000059	0.127025801
0.00696704	0.091188669
0.007092513	0.205120432
0.007033079	0.178336485
0.007147145	0.243722977
0.007132136	0.219881686
0.007221759	0.270384219
0.007462328	0.197318595
0.007476479	0.233648101
0.00736327	0.215020808
0.007524697	0.169251388
0.007462328	0.265524382
0.007594404	0.14321646
0.007570819	0.122900458
0.007643933	0.098430065
0.007693462	0.07589301
0.007726481	0.057610716
0.0077595	0.03720013
0.007792519	0.018526926
0.007792519	-0.000747147
0.007891576	-0.022362993
0.007869564	-0.042272915
0.007924596	-0.060183586
0.007970822	-0.087607391
0.008064927	-0.120067033
0.008033087	-0.144124357
0.008023653	-0.158551867
0.008119042	-0.181959792
0.00815573	-0.208785615
0.008259504	-0.238616012
0.008231202	-0.261887634
0.008287806	-0.280682335
0.008254787	-0.295508012
0.008320825	-0.316403593
0.008353845	-0.341917736
0.008386864	-0.359830836
0.008452902	-0.38697013
0.008419883	-0.40217586
0.008452902	-0.424975345
0.008495355	-0.453823598
0.008551959	-0.471091885
0.00851894	-0.485233469
0.008584979	-0.507757844
0.008651017	-0.530282219
0.008627432	-0.551769402
0.008717055	-0.571537736
0.00869347	-0.592714672
0.008750074	-0.611602447
0.008759508	-0.631565778
0.008849132	-0.650248248
0.008825547	-0.670882253
0.008928378	-0.692696757
0.009194332	-0.595768917
0.009146304	-0.623611803
0.009245362	-0.56333546
0.009199135	-0.648037897
0.009162814	-0.668401841
0.0093114	-0.478630837
0.0093114	-0.511206735
0.009278381	-0.534013508
0.009146304	-0.691206792
0.009377438	-0.416729343
0.009344419	-0.44768009
0.009443476	-0.346683874
0.009410457	-0.38740739
0.009509515	-0.240804917
0.009509515	-0.276638405
0.009476496	-0.309217947
0.009575553	-0.178903423
0.009542534	-0.20985417
0.009641591	-0.118630723
0.009608572	-0.149581471
0.00970763	-0.04695646
0.00967461	-0.081164797
0.009773668	0.052407317
0.009773668	0.021460214
0.009740649	-0.016005713
0.009839706	0.107522166
0.009806687	0.083358065
0.009920753	0.156784881
0.009872725	0.130600405
0.009971783	0.200975276
0.010004802	0.182193486
0.010056165	0.232691796
0.010184906	0.269822784
0.010202917	0.244109555
0.010515098	0.229346651
0.01046707	0.278343399
0.010500089	0.258530038
0.010566128	0.201366624
0.010566128	0.181712499
0.010623911	0.157965617
0.010655751	0.129104558
0.010698204	0.105716645
0.010731223	0.072058528
0.010764242	0.039486273
0.010797262	0.003656429
0.010830281	-0.025658235
0.010830281	-0.064749313
0.0108633	-0.100579157
0.010896319	-0.136409002
0.010929338	-0.172238846
0.010962357	-0.20806869
0.010995376	-0.245527329
0.011028396	-0.279728378
0.011028396	-0.317190661
0.011061415	-0.351391711
0.011094434	-0.387221555
0.011127453	-0.419793809
0.011160472	-0.455623653
0.011193491	-0.486567113
0.01122651	-0.514252982
0.01122651	-0.543571291
0.01125953	-0.569628366
0.011292549	-0.589170261
0.011335002	-0.619879994
0.011424625	-0.637476601
0.011391606	-0.660419106
0.011570853	-0.673138829
0.011835864	-0.601370686
0.011787836	-0.629509717
0.011787836	-0.647100702
0.011910479	-0.555362746
0.011853874	-0.572494607
0.011952932	-0.510915228
0.011919913	-0.528835616
0.011787836	-0.664040169
0.012033979	-0.457748341
0.011985951	-0.488108456
0.012100017	-0.395254558
0.012085008	-0.426203318
0.012166055	-0.358081132
0.012232094	-0.314392526
0.012306708	-0.268651115
0.012250104	-0.284479941
0.012349162	-0.224203598
0.012316142	-0.245381576
0.0124152	-0.185105232
0.012382181	-0.20302562
0.012481238	-0.123203738
0.012481238	-0.141120482
0.012448219	-0.16229846
0.012547276	-0.069446219
0.012514257	-0.095510581
0.012613315	-0.010802314
0.012580296	-0.033609087
0.012679353	0.078788694
0.012679353	0.052727975
0.012646334	0.018519638
0.012745391	0.132546213
0.012745391	0.10811429
0.01281143	0.192818913
0.01277841	0.160239371
0.012877468	0.277523536
0.012877468	0.248205227
0.012844449	0.22376966
0.012943506	0.329652261
0.012943506	0.303591542
0.013024553	0.382226858
0.012976525	0.352133274
0.013099168	0.408316964
0.01315663	0.458794795
0.013141621	0.431365219
0.013424118	0.403182047
0.013438793	0.362282816
0.013471813	0.326452972
0.013438793	0.464353964
0.013438793	0.444808425
0.013405774	0.430688559
0.013504832	0.287365538
0.013537851	0.245020514
0.013537851	0.189641487
0.01357087	0.144038874
0.013603889	0.083777106
0.013636908	0.028401723
0.013669927	-0.025344866
0.013702947	-0.082349044
0.013735966	-0.139353222
0.013768985	-0.204501374
0.013802004	-0.259876757
0.013802004	-0.316884579
0.013835023	-0.377146347
0.013868042	-0.424377755
0.013901061	-0.473237959
0.013934081	-0.518840573
0.0139671	-0.559556802
0.014000119	-0.605159415
0.014000119	-0.637735313
0.014033138	-0.671936363
0.014066157	-0.699622232
0.014143202	-0.726036403
0.014221819	-0.747072792
0.014181724	-0.767611666
0.014462387	-0.676503912
0.014429368	-0.69632456
0.014528425	-0.631161832
0.014495406	-0.657226195
0.014482199	-0.718470341
0.014594464	-0.538313235
0.014594464	-0.570889133
0.014561444	-0.600211085
0.014473393	-0.740297164
0.014429368	-0.761476357
0.014660502	-0.487813305
0.014627483	-0.513877667
0.01472654	-0.440570965
0.014693521	-0.463377737
0.01481239	-0.391274157
0.014759559	-0.417438433
0.014878428	-0.343640906
0.014809088	-0.366451687
0.015023713	-0.320210946
0.015205318	-0.300238168
0.015278432	-0.258783086
0.015221827	-0.276008021
0.015320885	-0.209216499
0.015287866	-0.232023271
0.015386923	-0.161974158
0.015353904	-0.188038521
0.015221827	-0.326500664
0.015452961	-0.069125561
0.015452961	-0.100072664
0.015419942	-0.131023411
0.015519	0.007435088
0.015485981	-0.031659634
0.015585038	0.088882121
0.015552019	0.046529809
0.015651076	0.228965771
0.015651076	0.184988308
0.015618057	0.136120817
0.015717115	0.305526419
0.015684096	0.264802903
0.015783153	0.409776581
0.015750134	0.35439391
0.015849191	0.494481204
0.015816172	0.448871303
0.015948249	0.599458919
0.01591523	0.569684523
0.01591523	0.529779048
0.015981268	0.6392685
0.016113344	0.618950286
0.016113344	0.669062876
0.016245421	0.58410865
0.01627844	0.535248447
0.01627844	0.484755804
0.016311459	0.429380421
0.016311459	0.370743805
0.016245421	0.649260447
0.016344478	0.318626011
0.016377498	0.245333884
0.01627844	0.630695828
0.016311459	0.612619849
0.016410517	0.178556937
0.016443536	0.111779989
0.016476555	0.036859067
0.016509574	-0.03317547
0.016509574	-0.109728831
0.016542593	-0.192793727
0.016575613	-0.262828265
0.016608632	-0.332862802
0.016641651	-0.407783724
0.01667467	-0.477818261
0.016707689	-0.539708824
0.016707689	-0.601603031
0.016773727	-0.66348995
0.016773727	-0.717240182
0.016839766	-0.75388078
0.016863351	-0.787733842
0.016938823	-0.820197996
0.016905804	-0.848615062
0.016960836	-0.868516483
0.017169957	-0.707423686
0.017235995	-0.637378217
0.017202976	-0.674844144
0.017202976	-0.741624735
0.017169957	-0.774204278
0.017302034	-0.557559979
0.017269015	-0.595025906
0.017202976	-0.803518942
0.017169957	-0.831212099
0.017368072	-0.446794638
0.017368072	-0.477741741
0.017335053	-0.515207668
0.017202976	-0.850753994
0.01743411	-0.386521938
0.017401091	-0.410957506
0.017508403	-0.336998374
0.01746713	-0.362086371
0.017581196	-0.286083097
0.017566187	-0.313483058
0.017907385	-0.332538501
0.017872793	-0.359947439
0.017962417	-0.27977757
0.017955813	-0.303721584
0.017797321	-0.31481488
0.017962417	-0.37913406
0.01805204	-0.396226516
0.018292608	-0.204002169
0.018259589	-0.244725685
0.01822657	-0.337570639
0.018358647	-0.103009596
0.018325627	-0.160021062
0.018292608	-0.282184324
0.018292608	-0.311502633
0.018259589	-0.363084782
0.018424685	0.084309106
0.018424685	0.014270925
0.018391666	-0.037854156
0.018259589	-0.388874035
0.018490723	0.221135166
0.018457704	0.154350931
0.018556761	0.353074841
0.018523742	0.287919401
0.0186228	0.524105595
0.0186228	0.470355363
0.018589781	0.414972692
0.018688838	0.626726962
0.018655819	0.577859471
0.018787895	0.722918233
0.018754876	0.675869562
0.018835923	0.784588227
0.018820915	0.751887279
0.018886953	0.812431444
0.01901903	0.704131158
0.019085068	0.612111534
0.019085068	0.559990096
0.019085068	0.662604176
0.019118087	0.502985918
0.019151106	0.431322586
0.019052049	0.79453292
0.019085068	0.775805422
0.019085068	0.742415126
0.019184125	0.358030459
0.019217144	0.270079178
0.019250164	0.183756691
0.019283183	0.08929023
0.019283183	-0.003551079
0.019316202	-0.091502361
0.019349221	-0.179453642
0.01938224	-0.272291308
0.019415259	-0.371644154
0.019448278	-0.459595435
0.019481298	-0.539402742
0.019481298	-0.617584898
0.019514317	-0.684361845
0.019547336	-0.741366023
0.019613374	-0.792665775
0.019636959	-0.834895498
0.019695922	-0.869942984
0.019662903	-0.903947722
0.019748453	-0.92643416
0.019943566	-0.741322297
0.020009604	-0.637072135
0.019976585	-0.689197216
0.019976585	-0.788553706
0.019943566	-0.821133248
0.019943566	-0.848822761
0.020075642	-0.532821973
0.020042623	-0.584947054
0.019943566	-0.878141069
0.019943566	-0.900944198
0.020141681	-0.382965554
0.020141681	-0.428571811
0.020108661	-0.477439302
0.020207719	-0.306404905
0.0201747	-0.345499627
0.020300172	-0.247823238
0.020273757	-0.278708104
0.020354804	-0.209993629
0.020339795	-0.23293168
0.020570929	-0.311251208
0.020603949	-0.340565872
0.020603949	-0.254239742
0.020603949	-0.278671666
0.020636968	-0.368251742
0.020669987	-0.394308817
0.020603949	-0.20700469
0.020603949	-0.225735831
0.020570929	-0.239258473
0.020736025	-0.416561726
0.020736025	-0.448051761
0.020736025	-0.470583424
0.020802064	-0.491411138
0.020859097	-0.516891783
0.021132255	-0.307931673
0.021099236	-0.358427959
0.021099236	-0.405663011
0.021066217	-0.446386528
0.021033198	-0.526201122
0.021198293	-0.115726586
0.021198293	-0.184135972
0.021165274	-0.249291412
0.021099236	-0.477329987
0.021264332	0.040645013
0.021231312	-0.037540786
0.021132255	-0.503387062
0.02133037	0.198645407
0.021297351	0.120459608
0.021396408	0.447858316
0.021396408	0.363160981
0.021363389	0.284975181
0.021462446	0.59934353
0.021429427	0.526044116
0.02155207	0.716393969
0.021495466	0.657983791
0.021627542	0.845309781
0.021594523	0.815716363
0.021561504	0.775264312
0.021660561	0.890919682
0.021660561	0.871917075
0.021825657	0.801028423
0.021858676	0.754122773
0.021891695	0.710148954
0.021891695	0.651512337
0.021924715	0.5814778
0.021878488	0.847226876
0.021957734	0.511443263
0.021990753	0.428378366
0.021891695	0.88117242
0.022023772	0.33228311
0.022056791	0.236187855
0.022056791	0.133573775
0.02208981	0.029334545
0.022122829	-0.074904686
0.022155849	-0.182401506
0.022188868	-0.291527121
0.022221887	-0.394137556
0.022254906	-0.490232812
0.022254906	-0.579816532
0.022287925	-0.657995044
0.022320944	-0.731287171
0.022386983	-0.785844513
0.022420002	-0.838369505
0.022453021	-0.879492933
0.022476606	-0.917883353
0.022464027	-0.945910355
0.022519059	-0.967236971
0.022618117	-0.904721035
0.022717174	-0.731243445
0.022783212	-0.609076539
0.022750193	-0.669345595
0.022717174	-0.789880062
0.022717174	-0.840372704
0.022849251	-0.486909633
0.022816232	-0.547178689
0.022750193	-0.877831343
0.022717174	-0.931585219
0.022915289	-0.310992495
0.022915289	-0.371257907
0.02288227	-0.429898168
0.022981327	-0.200227154
0.022948308	-0.252352235
0.023070951	-0.118777518
0.023061517	-0.152285197
0.023128413	-0.049769501
0.023113404	-0.076695631
0.023113404	-0.088640127
0.023291707	-0.095559117
0.023344538	-0.196929482
0.023377557	-0.227872941
0.023377557	-0.125258862
0.023377557	-0.159463555
0.023410576	-0.26533158
0.023443595	-0.307676604
0.023344538	-0.04708035
0.023377557	-0.06825104
0.023476615	-0.350021628
0.023509634	-0.389109062
0.023509634	-0.43471532
0.023575672	-0.481128687
0.023575672	-0.519405367
0.023655861	-0.5488079
0.023666475	-0.581900351
0.023732513	-0.607342984
0.023674729	-0.628930893
0.023971902	-0.301103123
0.023971902	-0.371141304
0.023938883	-0.43792554
0.023938883	-0.493304566
0.02403794	-0.146360319
0.024004921	-0.222917324
0.023938883	-0.537282029
0.023938883	-0.574744312
0.024103978	0.029556819
0.024070959	-0.063288135
0.023938883	-0.597547441
0.023938883	-0.61709298
0.024170017	0.306459241
0.024170017	0.208731547
0.024136998	0.125659362
0.024236055	0.482376379
0.024203036	0.396046605
0.024302093	0.646891953
0.024269074	0.570334948
0.024368132	0.83258186
0.024391717	0.781161081
0.024368132	0.720195011
0.024449179	0.906923081
0.024450679	0.872292846
0.024500208	0.93358172
0.024698323	0.834247094
0.024698323	0.790269631
0.024731342	0.728379068
0.024731342	0.658340887
0.024764361	0.57527599
0.024764361	0.48569227
0.024698323	0.910719015
0.024731342	0.87171302
0.0248304	0.384714274
0.0248304	0.285357784
0.024863419	0.179489759
0.024896438	0.071992939
0.024929457	-0.037132677
0.024962476	-0.147887087
0.024995495	-0.253755112
0.025028515	-0.349850368
0.025028515	-0.439434088
0.025061534	-0.525756574
0.025094553	-0.612079061
0.025160591	-0.68238142
0.025184176	-0.744466928
0.025243139	-0.791026504
0.025259649	-0.841612337
0.025259649	-0.879726138
0.025281661	-0.90306977
0.025556821	-0.543618661
0.025523802	-0.616918076
0.025523802	-0.675554692
0.025490783	-0.732566158
0.025622859	-0.393762241
0.02558984	-0.468690451
0.025523802	-0.783055156
0.025523802	-0.830290209
0.025490783	-0.864498546
0.025688897	-0.170610051
0.025655878	-0.247167056
0.025655878	-0.322091621
0.025523802	-0.887298031
0.025754936	-0.037041581
0.025721917	-0.098939431
0.025853993	0.071202773
0.025820974	0.015630076
0.025902021	0.169091243
0.025887012	0.140783106
0.025903522	0.112620349
0.026085127	0.049320988
0.026151166	-0.023967495
0.026151166	0.085161764
0.026151166	0.018381172
0.026184185	-0.071198904
0.026217204	-0.124945492
0.026118146	0.17799943
0.026151166	0.151942355
0.026118146	0.142165942
0.026151166	0.120995252
0.026250223	-0.173805696
0.026283242	-0.230809874
0.026283242	-0.291075285
0.026316261	-0.352965848
0.02634928	-0.406712436
0.026415319	-0.456926325
0.026415319	-0.504432843
0.026481357	-0.546502757
0.026481357	-0.583422109
0.026514376	-0.613008239
0.026547395	-0.648159419
0.026686076	-0.559456232
0.026811549	-0.307304933
0.026778529	-0.382233143
0.026778529	-0.447384939
0.02674551	-0.504396405
0.026877587	-0.137902975
0.026844568	-0.230747928
0.026778529	-0.593976481
0.02674551	-0.656688729
0.026943625	0.138999448
0.026943625	0.044529343
0.026910606	-0.05483079
0.026778529	-0.628181174
0.027009663	0.331204535
0.026976644	0.239988376
0.027075702	0.515265647
0.027042683	0.424049489
0.02714174	0.731902658
0.02714174	0.670008452
0.027108721	0.591822652
0.027207778	0.834524025
0.027207778	0.789460699
0.027273817	0.894796724
0.027284823	0.869461129
0.027339855	0.914349551
0.027491743	0.776896022
0.027504951	0.715654791
0.02753797	0.643991459
0.02753797	0.562551713
0.027504951	0.83455682
0.027570989	0.477858022
0.027604008	0.381762766
0.027504951	0.894822231
0.02753797	0.874465939
0.027637027	0.284038715
0.027670046	0.179799485
0.027703066	0.072302665
0.027736085	-0.023792591
0.027736085	-0.12966426
0.027802123	-0.227384667
0.027802123	-0.323483567
0.027835142	-0.414692438
0.027868161	-0.49938613
0.02790118	-0.579193436
0.027957785	-0.643873616
0.028014389	-0.703202041
0.028033257	-0.761060959
0.028033257	-0.799066174
0.028066276	-0.825394714
0.028074531	-0.848536264
0.028330429	-0.489562346
0.02829741	-0.564490556
0.02829741	-0.629642353
0.028396468	-0.253379797
0.028396468	-0.336448337
0.028363449	-0.414634137
0.02829741	-0.693165354
0.02829741	-0.748544381
0.02829741	-0.782749074
0.028462506	-0.090493018
0.028429487	-0.171936407
0.02829741	-0.818582562
0.02829741	-0.839756896
0.028528544	0.067507376
0.028495525	-0.005792039
0.028627602	0.254422523
0.028594583	0.204333436
0.028561563	0.142435586
0.02867563	0.336274768
0.02869364	0.293928088
0.028726659	0.363969913
0.028891755	0.225540564
0.028924774	0.178309156
0.028924774	0.265856882
0.028957793	0.121304978
0.028990812	0.0643008
0.02893578	0.343470174
0.028891755	0.328154644
0.028957793	0.302101213
0.029023831	0.002410237
0.029056851	-0.059480326
0.029056851	-0.121374532
0.02908987	-0.183265095
0.029122889	-0.253299632
0.029155908	-0.315190195
0.029188927	-0.378709553
0.029221946	-0.434084936
0.029254966	-0.492717909
0.029254966	-0.548096936
0.029316287	-0.586250507
0.029354023	-0.62626816
0.029395297	-0.655174715
0.029387042	-0.674585432
0.029585157	-0.458476777
0.029552138	-0.522003423
0.029651195	-0.310249153
0.029618176	-0.393321337
0.029585157	-0.572492421
0.029717234	-0.067551424
0.029717234	-0.152248759
0.029684214	-0.232063353
0.029585157	-0.616469884
0.029783272	0.113252099
0.029750253	0.015520761
0.029618176	-0.645784548
0.029618176	-0.663701292
0.02984931	0.281025263
0.029816291	0.196324283
0.029915348	0.509063838
0.029915348	0.442283246
0.029882329	0.364097447
0.029981387	0.619829179
0.029948368	0.570961688
0.030062434	0.705868109
0.030063935	0.670045892
0.030113463	0.735488193
0.03024554	0.647547843
0.030278559	0.600316435
0.030311578	0.546569847
0.030311578	0.48141805
0.030344597	0.406497128
0.030377617	0.325061027
0.030311578	0.71515012
0.030311578	0.685017414
0.030410636	0.24199613
0.030443655	0.152416054
0.030476674	0.067722362
0.030509693	-0.030001689
0.030509693	-0.126100588
0.030542712	-0.21079428
0.030575731	-0.302003151
0.030608751	-0.381810458
0.03064177	-0.461617764
0.030674789	-0.536538686
0.030707808	-0.598429249
0.030790356	-0.660314346
0.030773846	-0.705108028
0.030806866	-0.739037612
0.030828878	-0.766905673
0.030839885	-0.777582114
0.031038	-0.572332092
0.03100498	-0.621199583
0.031104038	-0.432248442
0.031071019	-0.507176652
0.031170076	-0.178149149
0.031170076	-0.269361664
0.031137057	-0.349176258
0.031071019	-0.665169758
0.031071019	-0.709147221
0.031038	-0.736840378
0.031236114	-0.00874719
0.031203095	-0.09019058
0.031071019	-0.754753478
0.031302153	0.157397178
0.031269134	0.074324994
0.031391776	0.362402542
0.031368191	0.302367213
0.031335172	0.235582978
0.031434229	0.44978044
0.031434229	0.407703238
0.031515276	0.500889122
0.031500268	0.47557698
0.031731402	0.356157527
0.031731402	0.302407295
0.031764421	0.245403117
0.031764421	0.185137705
0.031731402	0.448998837
0.031731402	0.406650169
0.031830459	0.123250786
0.031830459	0.059727785
0.031731402	0.510893044
0.031731402	0.484017928
0.031863478	-0.010306752
0.031896497	-0.083598879
0.031929517	-0.155262212
0.031962536	-0.231811929
0.031995555	-0.306732851
0.032028574	-0.365365824
0.032028574	-0.43377521
0.032061593	-0.489150593
0.032094612	-0.533667343
0.032160651	-0.575194326
0.03217716	-0.601931887
0.032226689	-0.630511772
0.032358765	-0.548840278
0.032281721	-0.645490612
0.032424804	-0.397897996
0.032424804	-0.458163407
0.032391785	-0.508659693
0.032490842	-0.274102295
0.032457823	-0.336000145
0.03255688	-0.13564744
0.032523861	-0.205689265
0.032424804	-0.586838205
0.032622919	0.080989571
0.032622919	0.01420898
0.0325899	-0.059090435
0.032457823	-0.61289528
0.032688957	0.206414067
0.032688957	0.146148655
0.03277858	0.324162561
0.032754995	0.268315561
0.032854053	0.440073867
0.032854053	0.403588861
0.032835185	0.369309695
0.032887072	0.4719295
0.032854053	0.453466181
0.033118206	0.331878645
0.033118206	0.276499618
0.033118206	0.214605411
0.033151225	0.142942079
0.033118206	0.41657598
0.033118206	0.382371287
0.033184244	0.068021157
0.033217263	-0.010157355
0.033118206	0.457295853
0.033250282	-0.094851047
0.033283302	-0.171400763
0.033283302	-0.246325329
0.033316321	-0.309844687
0.03334934	-0.376621634
0.033382359	-0.445027377
0.033415378	-0.511804324
0.033448397	-0.568808502
0.033505002	-0.624646653
0.033514436	-0.674265685
0.033547455	-0.715117647
0.033563964	-0.743158244
0.033613493	-0.770597973
0.033712551	-0.781744286
0.033811608	-0.586685164
0.033877646	-0.458003079
0.033844627	-0.524787314
0.033811608	-0.633920217
0.033811608	-0.682784064
0.033943685	-0.225078119
0.033943685	-0.306517864
0.033910665	-0.384703664
0.033844627	-0.721871498
0.034009723	-0.054047366
0.033976704	-0.13711955
0.033844627	-0.749561011
0.034075761	0.108839413
0.034042742	0.025767229
0.0341418	0.328734014
0.0341418	0.265211012
0.03410878	0.187025213
0.034231423	0.440898068
0.034207838	0.389278179
0.034288885	0.521984551
0.034290386	0.483282328
0.0343635	0.547947737
0.034538029	0.32877774
0.034538029	0.436278204
0.034571048	0.39067559
0.034571048	0.271773562
0.034604068	0.209882999
0.034538029	0.512831565
0.034571048	0.47700172
0.034637087	0.143106051
0.034670106	0.077957899
0.034571048	0.535638337
0.034703125	0.012809746
0.034736144	-0.050709611
0.034769163	-0.110971379
0.034802182	-0.172861942
0.034802182	-0.234756148
0.034835202	-0.291760326
0.034868221	-0.348764505
0.034934259	-0.401693051
0.034967278	-0.444038075
0.035033316	-0.483212354
0.035016807	-0.520015892
0.035003966	-0.547643481
0.035264451	-0.345463189
0.035330489	-0.247728206
0.03529747	-0.296595698
0.035264451	-0.389440651
0.035264451	-0.431789319
0.035396527	-0.083212633
0.035396527	-0.14184925
0.035363508	-0.195603125
0.03529747	-0.470876753
0.035264451	-0.496941115
0.035264451	-0.521373039
0.035231431	-0.548251799
0.035462565	0.019408734
0.035429546	-0.029458757
0.035552189	0.113888729
0.035528604	0.071265993
0.035594642	0.220850947
0.035609651	0.193913322
0.035594642	0.158685274
0.03566068	0.240946705
0.035891814	0.122070183
0.035891814	0.078092721
0.035891814	0.030857668
0.035924834	-0.018002535
0.035869802	0.221967175
0.035875305	0.193246699
0.035891814	0.161161261
0.035957853	-0.068491533
0.035990872	-0.125495711
0.036023891	-0.182499889
0.03605691	-0.237875273
0.03605691	-0.301398274
0.036089929	-0.360031247
0.036122948	-0.420293015
0.036155968	-0.475668398
0.036188987	-0.526157396
0.036255025	-0.565241186
0.036255025	-0.602703469
0.036288044	-0.632751092
0.036321063	-0.663775991
0.03636729	-0.67846262
0.036387102	-0.705302973
0.036585216	-0.517969696
0.036651255	-0.333908583
0.036651255	-0.397431585
0.036618236	-0.45770064
0.036585216	-0.573348723
0.036585216	-0.6124398
0.036717293	-0.180794574
0.036717293	-0.263863114
0.036585216	-0.651530878
0.036783331	-0.02279418
0.036750312	-0.102608774
0.036618236	-0.672701568
0.036618236	-0.695504697
0.03684937	0.20035801
0.03684937	0.133577419
0.036816351	0.05213403
0.036915408	0.34044166
0.036915408	0.272032274
0.037005031	0.44306563
0.036948427	0.390937946
0.037080504	0.51628829
0.037047485	0.487862175
0.037128532	0.574271285
0.037113523	0.555464452
0.037113523	0.540805297
0.037344657	0.451247084
0.037344657	0.400754442
0.037377676	0.347007854
0.037377676	0.496856985
0.037410695	0.290003676
0.037443714	0.241143472
0.037344657	0.579921882
0.037377676	0.557122397
0.037377676	0.534319268
0.037344657	0.524542855
0.037476733	0.189025679
0.037509753	0.130392706
0.037509753	0.070127294
0.037542772	0.013123116
0.037575791	-0.045509857
0.03760881	-0.09437006
0.037641829	-0.146487853
0.037674848	-0.201863236
0.037707868	-0.25723862
0.037773906	-0.302566124
0.037806925	-0.34298374
0.037773906	-0.371518441
0.037848949	-0.400557003
0.037905982	-0.420503446
0.038104097	-0.276740432
0.038170136	-0.177376655
0.038170136	-0.206694964
0.038137116	-0.240903301
0.038104097	-0.309316331
0.038104097	-0.333748254
0.038071078	-0.361441412
0.038236174	-0.113846366
0.038203155	-0.144797113
0.038104097	-0.380983307
0.038328628	-0.05549273
0.038302212	-0.085063702
0.038137116	-0.398896407
0.038383259	0.002554665
0.03836825	-0.025225348
0.03836825	-0.040047381
0.038632404	-0.130090589
0.038632404	-0.064938793
0.038632404	-0.094257101
0.038665423	-0.172435613
0.038698442	-0.211523047
0.038632404	0.006728183
0.038632404	-0.011188561
0.038665423	-0.035073909
0.038599385	-0.042139308
0.038731461	-0.257125661
0.03876448	-0.305985864
0.038797499	-0.353217273
0.038830519	-0.402077476
0.038830519	-0.452570118
0.038863538	-0.490028757
0.038896557	-0.532373781
0.038962595	-0.571186106
0.038962595	-0.599147085
0.039061653	-0.624993273
0.039028633	-0.648546576
0.039028633	-0.667820649
0.039118257	-0.685688722
0.039358825	-0.49323169
0.039325806	-0.537212796
0.039325806	-0.577932669
0.039424863	-0.327087321
0.039424863	-0.384095143
0.039391844	-0.439477814
0.039325806	-0.612137362
0.039325806	-0.634940491
0.039325806	-0.65774362
0.039490902	-0.193518851
0.039457882	-0.261931881
0.039325806	-0.68624753
0.03955694	-0.051806406
0.039523921	-0.121848231
0.039622978	0.155057835
0.039622978	0.085019654
0.039589959	0.018235419
0.039689016	0.278853536
0.039655997	0.218584481
0.039755055	0.387990083
0.039722036	0.330978617
0.039821093	0.472151774
0.039788074	0.433599984
0.03990214	0.560510503
0.039887131	0.529709815
0.039887131	0.506635221
0.039976755	0.586727527
0.040134775	0.495532451
0.040151285	0.455900263
0.040184304	0.415726966
0.040217323	0.376639532
0.040184304	0.550998383
0.040184304	0.528656746
0.040250342	0.329408123
0.040283361	0.28054792
0.040283361	0.231684073
0.040184304	0.580235252
0.04031638	0.190967844
0.040349399	0.146994025
0.040382419	0.107906591
0.040415438	0.067190362
0.040448457	0.023216543
0.040481476	-0.015870891
0.040481476	-0.051704379
0.040514495	-0.090791813
0.040547514	-0.121735272
0.040580533	-0.151049937
0.040637138	-0.174079504
0.040703176	-0.198736825
0.040646572	-0.214239892
0.041009782	-0.129828233
0.041009782	-0.152631362
0.040976763	-0.172180544
0.041075821	-0.087608011
0.041053808	-0.19307491
0.041042802	-0.213436061
0.04110884	-0.042676774
0.041262929	-0.059219184
0.041372993	-0.129788151
0.041372993	-0.15259128
0.041372993	-0.08309603
0.041372993	-0.099926911
0.041406012	-0.188421124
0.041439031	-0.217735788
0.041439031	-0.253569276
0.04147205	-0.277997556
0.04150507	-0.318713785
0.041538089	-0.34802845
0.041538089	-0.385490732
0.041571108	-0.419691782
0.041604127	-0.462036806
0.041637146	-0.49460906
0.04169375	-0.524851862
0.041736204	-0.557578198
0.041736204	-0.579023998
0.041825827	-0.595340837
0.042066395	-0.413121945
0.042033376	-0.445701487
0.042033376	-0.517368463
0.042033376	-0.536914002
0.042132433	-0.352849245
0.042099414	-0.390315172
0.042033376	-0.56297472
0.042198472	-0.266515827
0.042165453	-0.308868139
0.042055389	-0.586318351
0.04266074	0.323158944
0.042627721	0.290579402
0.042726778	0.368772489
0.042693759	0.344336922
0.042816402	0.386466438
0.04302395	0.302024692
0.043033384	0.272242055
0.043089989	0.256425722
0.043107999	0.226665185
0.04302395	0.381835643
0.043156027	0.191281214
0.043189046	0.165224139
0.043222065	0.139167064
0.043255084	0.1098524
0.043255084	0.090306861
0.043288104	0.064249786
0.043321123	0.043079096
0.043354142	0.023537201
0.043387161	-0.002519874
0.043453199	-0.02368692
0.043453199	-0.043503925
0.043453199	-0.062777998
0.043495653	-0.086041812
0.043561691	-0.108139598
0.043618295	-0.127585816
0.043627729	-0.147456073
0.043693767	-0.167692379
0.043857684	-0.186928973
0.043941149	-0.210546337
0.043989761	-0.240664629
0.044014525	-0.262732067
0.044047544	-0.287486106
0.044080563	-0.313543181
0.044113582	-0.341229051
0.044113582	-0.36077459
0.044146601	-0.388460459
0.044179621	-0.411259944
0.04421264	-0.437317019
0.044245659	-0.456858914
0.044311697	-0.486984332
0.044278678	-0.503113046
0.044311697	-0.522546354
0.044401321	-0.542842107
0.044377736	-0.563801871
0.044450378	-0.58860583
0.044707927	-0.484497414
0.044707927	-0.512186927
0.044773965	-0.432368689
0.044773965	-0.458429407
0.044707927	-0.533361261
0.044707927	-0.55616439
0.044840004	-0.376982374
0.044806984	-0.404675532
0.044718933	-0.579509236
0.044674908	-0.595259111
0.044906042	-0.305308111
0.044873023	-0.336258858
0.04497208	-0.17825482
0.04497208	-0.215717103
0.044939061	-0.261327004
0.045038118	-0.096807787
0.045005099	-0.137531303
0.045104157	-0.008845574
0.045071138	-0.054455475
0.045170195	0.110063742
0.045170195	0.072601459
0.045137176	0.035135533
0.045236233	0.191510775
0.045203214	0.155673644
0.045302272	0.261556244
0.045269253	0.227347907
0.04536831	0.359291226
0.04536831	0.326715328
0.045335291	0.294135786
0.045434348	0.413048746
0.045401329	0.386984384
0.045515395	0.4679925
0.045467367	0.434226724
0.045566425	0.496131862
0.045632463	0.515684689
0.045878272	0.476620737
0.045896616	0.503497877
0.04593907	0.451264783
0.045995674	0.429941572
0.046028693	0.409856745
0.046035297	0.394872561
0.046061712	0.37324508
0.046094731	0.352584745
0.04612775	0.333509772
0.04616077	0.315021164
0.046193789	0.293579008
0.046226808	0.274145699
0.046226808	0.254871626
0.046259827	0.227457222
0.046292846	0.196513763
0.046325865	0.170456688
0.046358884	0.139513229
0.046391904	0.110198564
0.046424923	0.075997515
0.046424923	0.051565591
0.046457942	0.015735747
0.04650597	-0.0128369
0.046556999	-0.046147528
0.046590018	-0.067318218
0.046623038	-0.093375293
0.046623038	-0.124322396
0.046656057	-0.150379471
0.046689076	-0.173178956
0.046722095	-0.207380005
0.046755114	-0.243209849
0.046788133	-0.272524514
0.046821152	-0.308354358
0.046854172	-0.344184202
0.046887191	-0.380014046
0.046887191	-0.40118838
0.04692021	-0.433760634
0.046953229	-0.463075299
0.046986248	-0.492389964
0.047019267	-0.520075833
0.047108891	-0.541472962
0.047061721	-0.563117871
0.047127759	-0.582656122
0.047217382	-0.599321989
0.047481535	-0.472789767
0.047481535	-0.497221691
0.047448516	-0.515142079
0.047448516	-0.536316412
0.047435309	-0.562378588
0.047547574	-0.409259478
0.047514555	-0.436952635
0.047415497	-0.578668724
0.047613612	-0.353873163
0.047580593	-0.379937526
0.047448516	-0.598210619
0.04767965	-0.27568372
0.04767965	-0.301744438
0.047646631	-0.326180006
0.047745689	-0.212153431
0.047745689	-0.243100534
0.047811727	-0.146994347
0.047778708	-0.177945094
0.047877765	-0.088350442
0.047844746	-0.1160436
0.047943804	-0.005274614
0.047943804	-0.028077743
0.047910784	-0.054142105
0.048009842	0.043596521
0.047976823	0.015903364
0.04807588	0.094096451
0.048042861	0.068032088
0.048141918	0.162513125
0.048141918	0.139709996
0.048108899	0.118532018
0.048207957	0.217899439
0.048174938	0.191835077
0.04826574	0.270434452
0.048240976	0.242335007
0.048359845	0.318087088
0.048307014	0.295441008
0.048406072	0.353437039
0.048505129	0.384476513
0.048561733	0.407111375
0.048612441	0.430298213
0.048736263	0.454133003
0.048954189	0.432005441
0.048967397	0.411809842
0.049000416	0.391507842
0.048976831	0.371137547
0.04898941	0.358062039
0.049051446	0.329194793
0.048967397	0.454158509
0.049099474	0.291293594
0.049132493	0.260350134
0.049165512	0.222891495
0.049198531	0.183804061
0.049198531	0.143084188
0.04923155	0.103996754
0.049264569	0.060022936
0.049297589	0.014420322
0.049330608	-0.021409522
0.049363627	-0.063754546
0.049396646	-0.10284198
0.049396646	-0.145190648
0.049429665	-0.185906877
0.049462684	-0.221736721
0.049495704	-0.270596924
0.049528723	-0.312941948
0.049561742	-0.348771792
0.049594761	-0.391116816
0.04962778	-0.431833045
0.04962778	-0.467666533
0.049660799	-0.508382762
0.049693818	-0.532811042
0.049726838	-0.567012091
0.049792876	-0.590893795
0.049792876	-0.611525198
0.049882499	-0.629121804
0.049858914	-0.650608988
0.050123067	-0.56859716
0.050189106	-0.51809723
0.050156086	-0.540904003
0.050123067	-0.594657878
0.050255144	-0.441536582
0.050255144	-0.47085489
0.050222125	-0.493661662
0.050172596	-0.617455541
0.050134074	-0.638091195
0.050090048	-0.651669344
0.050321182	-0.374748703
0.050288163	-0.410585834
0.050387221	-0.312847208
0.050354201	-0.340540366
0.050476844	-0.23111835
0.050453259	-0.251488646
0.05042024	-0.277010076
0.050515628	-0.184483999
0.050453259	-0.206153854
0.050611751	-0.15271189
0.050666382	-0.113659205
0.050651374	-0.132021823
0.050717412	-0.085322414
0.050801794	-0.059795315
0.050864497	-0.026333935
0.050915527	0.019403815
0.050915527	-0.00128188
0.050965056	0.059762675
0.050970559	0.040665662
0.051074019	0.09165836
0.05112865	0.150848873
0.051113642	0.124130044
0.050948546	0.105815029
0.05117968	0.195424256
0.051245718	0.247552981
0.051212699	0.219859823
0.051311757	0.346916758
0.051311757	0.315969654
0.051278738	0.276874933
0.051377795	0.412075842
0.051344776	0.387640274
0.051458842	0.465835018
0.051410814	0.434556855
0.051542891	0.518219098
0.051509872	0.49434456
0.051590919	0.556321747
0.05157591	0.533117167
0.051665533	0.583875653
0.051873082	0.509858194
0.051873082	0.474024706
0.051906101	0.438194862
0.051889592	0.547892377
0.051840063	0.532657679
0.051939121	0.399107428
0.05197214	0.350247224
0.05197214	0.303012172
0.051906101	0.583972006
0.051873082	0.568494811
0.052005159	0.252523174
0.052038178	0.20040538
0.052071197	0.148287587
0.052104216	0.101056178
0.052137235	0.04730959
0.052170255	7.82E-05
0.052170255	-0.055300845
0.052203274	-0.110676228
0.052236293	-0.170937996
0.052269312	-0.21654061
0.052302331	-0.265400813
0.05233535	-0.314261017
0.052368369	-0.35986363
0.052368369	-0.400583503
0.052401389	-0.436413347
0.052434408	-0.477129576
0.052500446	-0.503020128
0.052500446	-0.52245708
0.052566484	-0.542266797
0.052566484	-0.568327516
0.052854223	-0.485925277
0.052896676	-0.415184356
0.052863657	-0.451021488
0.052830638	-0.502169292
0.052830638	-0.521063313
0.052962714	-0.346767682
0.052929695	-0.379347224
0.052863657	-0.541691071
0.052819631	-0.565584922
0.053028752	-0.257176674
0.053028752	-0.289752573
0.052995733	-0.31093055
0.053108942	-0.196437043
0.053061772	-0.226225927
0.053175838	-0.150874171
0.0531113	-0.174506223
0.053230536	-0.104047685
0.053210358	-0.122781053
0.053319321	-0.073090784
0.053623097	-0.104411563
0.053715551	-0.068160673
0.053689135	-0.090966717
0.05388725	0.003525251
0.05388725	-0.019277878
0.053876244	-0.043168084
0.053953289	0.060540361
0.053920269	0.031218408
0.054019327	0.130585829
0.053986308	0.091491108
0.053854231	-0.110494037
0.054085365	0.270669479
0.054085365	0.223434427
0.054052346	0.172938141
0.053920269	-0.067323684
0.054151403	0.370033256
0.054118384	0.324423355
0.054217442	0.457995469
0.054184423	0.412385568
0.05428348	0.57527599
0.05428348	0.537813708
0.054250461	0.497090191
0.054382538	0.640235119
0.054349518	0.612202629
0.054430565	0.683533048
0.054382538	0.653550517
0.054481595	0.712116626
0.05467971	0.591607666
0.05467971	0.620925974
0.054712729	0.547633847
0.054712729	0.49877
0.054745748	0.448281001
0.05467971	0.690964155
0.05467971	0.673861809
0.054712729	0.646990336
0.054778767	0.389648028
0.054811786	0.33264385
0.054844806	0.272382082
0.054877825	0.20723393
0.054910844	0.138828187
0.054943863	0.070422445
0.054943863	0.000384264
0.054976882	-0.069650273
0.055009901	-0.141313606
0.05504292	-0.204832963
0.05507594	-0.268352321
0.055108959	-0.325356499
0.055141978	-0.379103087
0.055141978	-0.42308055
0.055174997	-0.471940753
0.055208016	-0.512656982
0.055307074	-0.537077974
0.055274054	-0.560427678
0.055326885	-0.583496443
0.055538208	-0.49144621
0.055604246	-0.421400741
0.055571227	-0.457237873
0.055670284	-0.339953708
0.055637265	-0.382306019
0.055604246	-0.519128436
0.055587736	-0.555778143
0.055736323	-0.224301982
0.055736323	-0.268279444
0.055703303	-0.300858986
0.055571227	-0.578583094
0.055802361	-0.159142898
0.055802361	-0.185203616
0.055868399	-0.095884074
0.05583538	-0.123305766
0.055949446	-0.041912661
0.055934437	-0.070901931
0.056015484	-0.001126272
0.056000476	-0.025559852
0.056242616	-0.091010686
0.056264629	-0.115385887
0.056271233	-0.050613414
0.056253623	-0.07005231
0.056297648	-0.133809343
0.056330667	-0.154469677
0.05623161	0.008670348
0.056264629	-0.015757932
0.05623161	-0.03042073
0.056396706	-0.177536984
0.056388451	-0.205702474
0.056462744	-0.225647013
0.056517776	-0.245390078
0.056726897	-0.115063408
0.056693878	-0.150900539
0.056792935	0.021762653
0.056792935	-0.033616374
0.056759916	-0.077597481
0.056726897	-0.185101589
0.056858974	0.122755225
0.056858974	0.070633788
0.056759916	-0.209529868
0.056925012	0.228634182
0.056891993	0.173251511
0.056759916	-0.23477619
0.05699105	0.337770728
0.056958031	0.285645647
0.057057089	0.494142327
0.057057089	0.44527848
0.057024069	0.389895809
0.057123127	0.59187731
0.057090108	0.543009818
0.057189165	0.665180368
0.057203316	0.632373347
0.057270212	0.732266048
0.057255203	0.705473183
0.057222184	0.6883129
0.057486337	0.593546187
0.057486337	0.543053544
0.057519357	0.492564546
0.057486337	0.678243522
0.057519357	0.642413678
0.057552376	0.425787599
0.057585395	0.363897036
0.057486337	0.738508934
0.05750835	0.710713263
0.057618414	0.302006473
0.057651433	0.223827961
0.057684452	0.144020654
0.057717471	0.062584553
0.057717471	-0.007453628
0.057750491	-0.079116961
0.05778351	-0.157295472
0.057816529	-0.22407242
0.057849548	-0.295735752
0.057882567	-0.35925511
0.057915586	-0.414630493
0.057915586	-0.461865545
0.057981625	-0.515065558
0.057981625	-0.546555593
0.058080682	-0.585092808
0.057948606	-0.599766537
0.058126401	-0.62459648
0.058311816	-0.482996153
0.058377854	-0.390147556
0.058344835	-0.440643842
0.058344835	-0.512310818
0.058311816	-0.546519155
0.058443893	-0.289154983
0.058410874	-0.342908859
0.058344835	-0.577462614
0.058509931	-0.153957718
0.058509931	-0.199563976
0.058476912	-0.246802672
0.058344835	-0.603523333
0.058344835	-0.621440077
0.058575969	-0.065995505
0.05854295	-0.113234202
0.058642008	0.000520908
0.058642008	-0.02689714
0.058723055	0.051530875
0.058708046	0.02686038
0.058774084	0.0806179
0.058972199	-0.05617901
0.058972199	-0.000799983
0.059005218	-0.026857058
0.059005218	-0.092008854
0.059038237	-0.131096288
0.058983206	0.057837848
0.059005218	0.032322491
0.05893918	0.025257092
0.059071257	-0.171812517
0.059104276	-0.204384771
0.059137295	-0.235328231
0.059170314	-0.267900485
0.059170314	-0.295589999
0.059250503	-0.322572608
0.059236352	-0.346889751
0.059278806	-0.377483142
0.059368429	-0.394924625
0.059566544	-0.176644244
0.059566544	-0.225508091
0.059533525	-0.271117993
0.059632582	-0.059363723
0.059599563	-0.119632778
0.059566544	-0.316720606
0.059533525	-0.347671354
0.05969862	0.074204747
0.059665601	0.005791717
0.059566544	-0.375357223
0.059764659	0.206144423
0.05973164	0.136102598
0.059830697	0.404864689
0.059830697	0.342970483
0.059797678	0.277815043
0.059896735	0.53191798
0.059863716	0.471648925
0.059995793	0.639022177
0.059962774	0.588390158
0.060043821	0.741841454
0.060028812	0.713814654
0.060028812	0.683410482
0.060292965	0.543363271
0.060292965	0.644348555
0.060292965	0.593855913
0.060325984	0.484730298
0.060359003	0.41795335
0.060259946	0.751845375
0.060292965	0.730674685
0.060292965	0.711943544
0.060325984	0.683443277
0.060392023	0.346290018
0.060425042	0.271369096
0.060425042	0.19318694
0.060458061	0.101978069
0.06049108	0.017284378
0.060524099	-0.065780519
0.060557118	-0.150474211
0.060590137	-0.230281517
0.060623157	-0.305202439
0.060623157	-0.37524062
0.060689195	-0.435498744
0.060689195	-0.487620182
0.060722214	-0.531594
0.060755233	-0.570681434
0.060854291	-0.596912199
0.060796507	-0.625648708
0.060910895	-0.640469752
0.061019386	-0.551106745
0.061085425	-0.414280685
0.061085425	-0.461515737
0.061052405	-0.510383228
0.061151463	-0.310030523
0.061118444	-0.365413193
0.061217501	-0.196007591
0.061184482	-0.246503877
0.061085425	-0.58530415
0.061085425	-0.606478484
0.06128354	-0.034749607
0.06128354	-0.083613455
0.06125052	-0.138996126
0.061349578	0.053212605
0.061316559	0.009231499
0.061415616	0.13194498
0.061382597	0.092307327
0.06150524	0.189350501
0.061423871	0.167236448
0.061547693	0.211227575
0.061679769	0.14826208
0.061712788	0.110260509
0.061745808	0.071173075
0.061745808	0.027195613
0.061778827	-0.020035796
0.061811846	-0.068895999
0.061756814	0.188773283
0.061712788	0.175412306
0.061844865	-0.114498613
0.061877884	-0.156843637
0.061910903	-0.204075045
0.061943922	-0.246420069
0.061943922	-0.290397532
0.061976942	-0.324598581
0.062033546	-0.362985357
0.062092509	-0.397881598
0.062099584	-0.427664496
0.06212883	-0.454559653
0.062340152	-0.246376343
0.062340152	-0.30501296
0.062208076	-0.466278231
0.062406191	-0.130724617
0.062373171	-0.195880057
0.062340152	-0.350619217
0.062472229	0.004472648
0.06243921	-0.062311587
0.062373171	-0.386449061
0.062340152	-0.417399809
0.062538267	0.229253634
0.062538267	0.152700273
0.062505248	0.074514473
0.062373171	-0.445085678
0.062604305	0.379110053
0.062571286	0.304181843
0.062670344	0.524080088
0.062637325	0.454038263
0.062759967	0.640199787
0.062736382	0.584624253
0.062828836	0.759621322
0.062788269	0.727227095
0.06281893	0.686975976
0.062892044	0.783780999
0.063066574	0.647912227
0.063099593	0.594165639
0.063099593	0.533900227
0.063132612	0.468752075
0.063066574	0.756227089
0.063099593	0.724469232
0.063099593	0.687006949
0.063165631	0.400346332
0.06319865	0.318910231
0.06319865	0.23909928
0.063099593	0.778219464
0.063231669	0.149519204
0.063264688	0.061567922
0.063297708	-0.026383359
0.063330727	-0.112705845
0.063363746	-0.195770742
0.063396765	-0.275578049
0.063396765	-0.350502615
0.063429784	-0.410764382
0.063462803	-0.47428374
0.063528842	-0.518253915
0.063528842	-0.556259129
0.063611389	-0.584210999
0.06359488	-0.610545005
0.06359488	-0.629276147
0.063859033	-0.36348196
0.063859033	-0.425376167
0.063826014	-0.474243658
0.063925071	-0.23317108
0.063892052	-0.29506893
0.063859033	-0.518217477
0.063826014	-0.554054608
0.06399111	-0.099602609
0.063958091	-0.166386844
0.063859033	-0.584998068
0.063826014	-0.619206405
0.064057148	0.089344888
0.064057148	0.027450681
0.064024129	-0.037704759
0.064123186	0.19359505
0.064090167	0.141469969
0.064189225	0.283186058
0.064189225	0.241651787
0.064255263	0.350381135
0.064281678	0.314827458
0.064486397	0.193635132
0.064519416	0.149661313
0.064519416	0.283222496
0.064519416	0.239245033
0.064552435	0.09754352
0.064585454	0.045425727
0.064486397	0.361401008
0.064519416	0.338601523
0.06450841	0.314059798
0.064618474	-0.013207246
0.064651493	-0.065325039
0.064651493	-0.122332861
0.064717531	-0.171189421
0.064717531	-0.228197243
0.06475055	-0.278686241
0.064807154	-0.329638007
0.064849608	-0.37151662
0.064863759	-0.402229476
0.064932155	-0.437555144
0.064915646	-0.461093052
0.064899136	-0.481862009
0.065179799	-0.21511587
0.06514678	-0.27375613
0.06514678	-0.332392747
0.065245837	-0.086433784
0.065212818	-0.158104404
0.065179799	-0.377995361
0.06514678	-0.413832493
0.065311876	0.136718406
0.065311876	0.06179384
0.065278856	-0.011505575
0.065179799	-0.446404747
0.06514678	-0.473283507
0.065377914	0.296347595
0.065344895	0.216533001
0.065443952	0.449461604
0.065410933	0.371275805
0.065533576	0.634735281
0.065509991	0.5748861
0.065476971	0.514617044
0.065609048	0.714321876
0.065592538	0.678282966
0.065642067	0.76546968
0.065642067	0.745924141
0.065840182	0.607498437
0.065840182	0.654733489
0.065873201	0.558638233
0.06590622	0.493490081
0.065873201	0.722603587
0.065873201	0.695457006
0.065939239	0.423455543
0.065972259	0.343648236
0.065972259	0.257322106
0.065873201	0.758980007
0.065873201	0.741063263
0.066005278	0.16774203
0.066038297	0.084677133
0.066071316	-0.001645353
0.066104335	-0.083081455
0.066137354	-0.166146351
0.066170374	-0.241067273
0.066170374	-0.319249429
0.066236412	-0.37842169
0.066236412	-0.43488658
0.066316601	-0.484439633
0.06630245	-0.52527741
0.066368488	-0.557574554
0.066368488	-0.58349954
0.066632642	-0.258933004
0.066599622	-0.324088444
0.066599622	-0.381096266
0.066599622	-0.434846498
0.06669868	-0.123735738
0.066665661	-0.190519974
0.066599622	-0.486967935
0.066599622	-0.524430218
0.066764718	0.009832732
0.066731699	-0.055322708
0.066599622	-0.560263706
0.066599622	-0.57818045
0.066830756	0.213439383
0.066830756	0.149916382
0.066797737	0.081503352
0.066896795	0.3323487
0.066863776	0.272079644
0.066995852	0.423572146
0.066976984	0.384944356
0.06704388	0.508422854
0.067028871	0.482212407
0.067028871	0.461309539
0.067260005	0.343790346
0.067293025	0.303074117
0.067293025	0.431748915
0.067293025	0.395915427
0.067326044	0.247698734
0.067359063	0.185808171
0.067260005	0.518071401
0.067293025	0.493480242
0.067260005	0.480609119
0.067293025	0.461881621
0.067392082	0.123917609
0.067425101	0.063655841
0.067425101	0.000132839
0.06745812	-0.065015313
0.067491139	-0.126905876
0.067524159	-0.185538849
0.067557178	-0.244171822
0.067590197	-0.302804795
0.067646801	-0.344449161
0.067656235	-0.386680445
0.067684537	-0.424721317
0.067712839	-0.453571132
0.067746287	-0.479437781
0.067953408	-0.279961584
0.068019446	-0.169196242
0.067986427	-0.224578913
0.067953408	-0.333711816
0.067953408	-0.374431689
0.067953408	-0.407007587
0.068085484	0.049069563
0.068085484	-0.029112592
0.068052465	-0.107298392
0.067953408	-0.446098665
0.068151522	0.202183572
0.068118503	0.125626568
0.067986427	-0.46889815
0.068217561	0.352039992
0.068184542	0.278740577
0.068307184	0.533311487
0.068283599	0.479093283
0.06825058	0.418824227
0.068382656	0.611579533
0.068349637	0.580900252
0.068430684	0.667753579
0.068415676	0.641172951
0.06864681	0.547542751
0.06864681	0.495421314
0.068679829	0.433530751
0.068679829	0.365121365
0.06864681	0.618666795
0.06864681	0.588262624
0.068745867	0.290204087
0.068745867	0.216908316
0.06864681	0.674588754
0.06864681	0.65667201
0.06864681	0.636474953
0.068778886	0.135472214
0.068811905	0.049149728
0.068844925	-0.037172759
0.068877944	-0.115351271
0.068910963	-0.195158577
0.068943982	-0.273337089
0.068943982	-0.34337527
0.068977001	-0.406894628
0.06901002	-0.457383626
0.06909021	-0.495535115
0.069109078	-0.535554851
0.069168512	-0.570893141
0.069109078	-0.593784269
0.069340212	-0.387309007
0.069340212	-0.436172854
0.06940625	-0.261884511
0.069373231	-0.327039951
0.069472288	-0.120172066
0.069439269	-0.190213891
0.069373231	-0.483404263
0.069373231	-0.522495341
0.069538327	0.104608919
0.069538327	0.031313148
0.069505307	-0.048501446
0.069373231	-0.555071239
0.069373231	-0.581131957
0.069604365	0.244692569
0.069571346	0.174650744
0.069670403	0.375003449
0.069637384	0.309848009
0.069769461	0.478035659
0.069736442	0.435004683
0.069817489	0.586614947
0.069828895	0.548976236
0.06980248	0.520795169
0.070066633	0.397850304
0.070066633	0.484176434
0.070066633	0.441827767
0.070099652	0.347361306
0.070132671	0.293614718
0.070033614	0.596559639
0.070066633	0.573271516
0.070066633	0.555029013
0.070083143	0.526526924
0.07016569	0.23335295
0.07019871	0.166576002
0.07019871	0.098166616
0.070231729	0.026503284
0.070264748	-0.050046433
0.070297767	-0.12333856
0.070330786	-0.188486713
0.070363805	-0.247119686
0.070396824	-0.309010248
0.07042041	-0.353915848
0.070462863	-0.392614433
0.070487627	-0.430141849
0.07053257	-0.456853651
0.070618524	-0.473959439
0.070710506	-0.416476096
0.070793054	-0.251958701
0.070760035	-0.300826192
0.070760035	-0.344803654
0.070859093	-0.054867229
0.070859093	-0.126534205
0.070826073	-0.19006085
0.070760035	-0.390409912
0.070925131	0.103133165
0.070892112	0.023318571
0.070760035	-0.440902554
0.070991169	0.24484561
0.07095815	0.178061375
0.071057207	0.441937082
0.071057207	0.375156491
0.071024188	0.314887435
0.071123246	0.527184637
0.071137397	0.494998108
0.071215699	0.578936224
0.071175133	0.553406204
0.071255322	0.606467231
0.071420418	0.468037883
0.071453437	0.419177679
0.071453437	0.363798652
0.071453437	0.507132604
0.071486456	0.2986505
0.071519476	0.218843193
0.071453437	0.57879958
0.071420418	0.569023167
0.071453437	0.544594887
0.071552495	0.152066245
0.071585514	0.098319657
0.071618533	0.026656325
0.071651552	-0.049893392
0.071651552	-0.131333137
0.07171759	-0.212765595
0.07171759	-0.277917392
0.07175061	-0.33817916
0.071807214	-0.39587879
0.071849667	-0.43671032
0.071866177	-0.466759764
0.071926712	-0.501039217
0.071882686	-0.523847204
0.07211382	-0.305563179
0.07211382	-0.359313411
0.072179859	-0.181767478
0.072146839	-0.246922919
0.07211382	-0.406548464
0.072245897	-0.043312623
0.072212878	-0.114983243
0.072146839	-0.445635898
0.07211382	-0.47821544
0.072311935	0.189612337
0.072311935	0.108172591
0.072278916	0.031615586
0.072146839	-0.49938613
0.072377973	0.337839961
0.072344954	0.267798136
0.072444012	0.479552406
0.072410993	0.407881786
0.072543069	0.636742046
0.07251005	0.588688953
0.072477031	0.534935077
0.072576088	0.704340679
0.072602504	0.675611652
0.072642127	0.723893505
0.072774203	0.613692959
0.072807222	0.567547413
0.072840241	0.51542962
0.072840241	0.651433995
0.072873261	0.461683032
0.07290628	0.403050059
0.072840241	0.702741035
0.072840241	0.684009893
0.072939299	0.347674676
0.072972318	0.282526523
0.072972318	0.212488342
0.073005337	0.145711395
0.073038356	0.070790473
0.073071376	0.000755935
0.073104395	-0.074164987
0.073137414	-0.140941934
0.073170433	-0.197946112
0.073170433	-0.250067549
0.073236471	-0.300552904
0.073236471	-0.338015187
0.07330251	-0.365697413
0.07330251	-0.390943734
0.073383557	-0.415144605
0.073566663	-0.266311772
0.073632701	-0.106682584
0.073599682	-0.162065254
0.073599682	-0.214186692
0.073566663	-0.30866044
0.073566663	-0.337978749
0.073698739	0.017113117
0.07366572	-0.044784733
0.073566663	-0.365668262
0.073566663	-0.390100186
0.073764778	0.142537613
0.073731758	0.082268557
0.073830816	0.310310776
0.073830816	0.261446929
0.073797797	0.201177874
0.073929873	0.395426242
0.073896854	0.354838458
0.073977901	0.454253249
0.073962893	0.428684449
0.074028931	0.4829849
0.074227046	0.320127272
0.074227046	0.26311945
0.074227046	0.404824607
0.074227046	0.365733529
0.074260065	0.201228887
0.074293084	0.13445194
0.074227046	0.462646827
0.074227046	0.440658095
0.074326103	0.069303787
0.074359122	-0.00073075
0.074392141	-0.069136492
0.074425161	-0.13591344
0.074425161	-0.202694031
0.07445818	-0.267842184
0.074491199	-0.326475157
0.074557237	-0.376689045
0.074580822	-0.423262221
0.074639785	-0.466127923
0.074646861	-0.499342924
0.074639785	-0.525375338
0.074697569	-0.545118099
0.074887429	-0.324802636
0.074953467	-0.210779704
0.074920448	-0.272677555
0.074920448	-0.375291634
0.074887429	-0.419272741
0.075019505	-0.070696054
0.074986486	-0.145624264
0.074920448	-0.45673138
0.074887429	-0.490939717
0.074887429	-0.51211405
0.075085544	0.152456136
0.075085544	0.072645185
0.075052524	-0.000654229
0.075151582	0.312085325
0.075118563	0.233899525
0.07521762	0.458684154
0.075184601	0.391899919
0.075316678	0.638269725
0.075307244	0.586438103
0.075250639	0.527097184
0.075349697	0.707361419
0.075364705	0.680068422
0.075415735	0.727457178
0.075580831	0.618997656
0.07561385	0.649296885
0.075646869	0.576004758
0.075646869	0.52714091
0.075679888	0.478280707
0.075679888	0.42615927
0.075624856	0.70902058
0.075602844	0.679699842
0.075745927	0.372416326
0.075745927	0.304006939
0.075778946	0.238858787
0.075811965	0.167195455
0.075844984	0.103676097
0.075878003	0.03364156
0.075911022	-0.026620208
0.075944041	-0.090139566
0.075944041	-0.140632208
0.075977061	-0.194378796
0.07601008	-0.23998141
0.076090269	-0.278365584
0.076099703	-0.307915536
0.076158666	-0.334027919
0.076116475	-0.361767333
0.076219201	-0.374605378
0.07640631	-0.161755528
0.07637329	-0.202479045
0.07637329	-0.238312533
0.076472348	-0.068906931
0.076439329	-0.112888037
0.07640631	-0.272513582
0.07637329	-0.300206739
0.076538386	0.082578284
0.076538386	0.036972026
0.076505367	-0.026554619
0.07640631	-0.321377429
0.07637329	-0.350699382
0.076604424	0.175426881
0.076604424	0.141222188
0.076703482	0.257691956
0.076670463	0.221854824
0.076736501	0.323661793
0.076736501	0.304116254
0.076760086	0.283409893
0.076802539	0.343486086
0.077000654	0.195016146
0.077000654	0.151038684
0.077000654	0.242251198
0.077033673	0.097292095
0.077066692	0.043545507
0.077000654	0.326134136
0.077033673	0.288946963
0.077000654	0.276455892
0.077099712	-0.019973851
0.077132731	-0.076978029
0.07716575	-0.135611001
0.077198769	-0.194243974
0.077198769	-0.249623001
0.077231788	-0.30336959
0.077264807	-0.347343408
0.077330846	-0.391042117
0.077330846	-0.430947593
0.077429903	-0.457359334
0.077396884	-0.486862264
0.077396884	-0.506407802
0.077486507	-0.522298053
0.077661037	-0.30006463
0.077661037	-0.348928477
0.077727075	-0.190928083
0.077694056	-0.249568344
0.077661037	-0.397792324
0.077793114	-0.060617203
0.077760095	-0.129030233
0.077694056	-0.438508553
0.077661037	-0.466201711
0.077661037	-0.490633634
0.077859152	0.154391013
0.077859152	0.082724037
0.077826133	0.011053417
0.07792519	0.307505022
0.077892171	0.232576813
0.077991229	0.445959877
0.077958209	0.380804437
0.078080852	0.61843588
0.078057267	0.568126783
0.078024248	0.516001702
0.078138314	0.702526115
0.078123305	0.667219095
0.078204352	0.737241541
0.078387458	0.639830198
0.078420478	0.597485174
0.078453497	0.55188256
0.078453497	0.499761123
0.07840727	0.703029627
0.078420478	0.670780945
0.078486516	0.442756945
0.078519535	0.385752767
0.078420478	0.747334306
0.078420478	0.727788767
0.078552554	0.323862204
0.078585573	0.268486821
0.078618592	0.201709874
0.078651612	0.138190516
0.078684631	0.073042364
0.078684631	0.020920926
0.07871765	-0.036083252
0.078750669	-0.08657225
0.078783688	-0.130546069
0.078849726	-0.164472008
0.078873312	-0.19638603
0.078940529	-0.223166471
0.07890751	-0.251674026
0.078970797	-0.271868623
0.079245956	-0.091403977
0.079212937	-0.125612314
0.079212937	-0.154930623
0.079179918	-0.184252575
0.079146899	-0.277097528
0.079311995	0.016103775
0.079311995	-0.021358508
0.079278975	-0.05393805
0.079212937	-0.210309649
0.079212937	-0.233112778
0.079378033	0.087778038
0.079345014	0.060084881
0.079212937	-0.255915907
0.079470486	0.145349853
0.079444071	0.119546827
0.079525118	0.203438709
0.079510109	0.176019005
0.079510109	0.161577023
0.079774263	0.089450559
0.079774263	0.045473097
0.079774263	0.125284047
0.079807282	0.004756868
0.079840301	-0.044103336
0.079774263	0.206723793
0.079774263	0.187992651
0.079807282	0.164921701
0.079741244	0.157856302
0.07987332	-0.08644836
0.079906339	-0.133679768
0.079939358	-0.179282382
0.079972378	-0.218369816
0.079972378	-0.260718483
0.080005397	-0.303063507
0.080038416	-0.342150941
0.080118605	-0.373554565
0.080104454	-0.405123723
0.080184644	-0.429577822
0.080146907	-0.454758502
0.080236531	-0.471618274
0.080434646	-0.275326624
0.080401626	-0.320936525
0.080500684	-0.162932487
0.080467665	-0.216686363
0.080434646	-0.364910344
0.080434646	-0.400743832
0.080566722	0.027643805
0.080566722	-0.040765582
0.080533703	-0.097777047
0.080434646	-0.428433345
0.080434646	-0.450422077
0.080632761	0.174242634
0.080632761	0.094431684
0.080698799	0.307811105
0.08066578	0.236140485
0.080764837	0.503273781
0.080764837	0.438121985
0.080731818	0.376224135
0.080830875	0.604266354
0.080830875	0.552144916
0.080923329	0.683598868
0.080920499	0.644298062
0.080977961	0.722000036
0.080962952	0.699565431
0.08102899	0.750879759
0.081227105	0.59453731
0.081227105	0.664575491
0.081260124	0.633632032
0.081260124	0.545677107
0.081293143	0.501703288
0.081227105	0.729727288
0.081227105	0.711484785
0.081260124	0.693354512
0.081326163	0.4479567
0.081359182	0.397467701
0.081392201	0.348607498
0.08142522	0.296489705
0.08142522	0.242739473
0.081458239	0.192250474
0.081491258	0.143390271
0.081524278	0.099416452
0.081524278	0.065211759
0.081557297	0.02775312
0.081557297	-0.008080368
0.081590316	-0.042281418
0.081590316	-0.069970931
0.081590316	-0.08951647
0.081612329	-0.114488896
0.081656354	-0.13511544
