1957.998639	0.904050265
1958.087848	-0.103045848
1958.188399	-0.037033286
1958.228594	0.028030658
1958.263668	0.091866981
1958.295156	0.136507766
1958.345826	0.187286659
1958.41269	0.228160878
1958.547183	0.255196453
1958.673111	0.205700983
1958.718621	0.166082286
1958.74184	0.113071354
1958.765004	0.06396649
1958.791282	0.021836749
1958.820663	-0.012480855
1958.869546	-0.063706156
1959.078334	-0.088877471
1959.177363	-0.030895179
1959.215196	0.019325705
1959.333998	0.066198529
1959.310206	0.114267089
1959.478662	0.008723518
1959.527362	-0.029360652
1959.607162	-0.060651906
1959.501234	-0.112922621
1959.528824	-0.166890142
1959.536535	-0.226291615
1959.537231	-0.276140492
1959.775547	-0.095391813
1959.737625	-0.139228798
1959.823036	-0.046798458
1959.844388	0.033802959
1959.832167	-0.010806825
1959.859349	0.112234339
1959.880116	0.234717493
1959.874645	0.166665096
1959.869602	0.067872559
1959.897133	0.395870727
1959.894656	0.343250402
1959.885759	0.290518474
1960.001308	0.524324587
1959.96032	0.470058132
1959.902829	0.447877242
1959.986048	0.697251828
1959.996382	0.647086746
1960.016062	0.617512226
1960.029546	0.571755421
1959.994908	0.752625002
1960.114142	0.49265753
1960.121382	0.434166144
1960.135086	0.372662169
1960.14861	0.323999063
1960.165565	0.259641931
1960.27251	0.189837561
1960.264453	0.175488737
1960.468812	0.205812585
1960.54162	0.234940697
1960.521733	0.279358278
1960.667577	0.18338059
1960.697117	0.137623785
1960.723656	0.076800716
1960.830242	0.032655939
1960.878214	0.000743978
1961.08748	-0.049309502
1961.123788	-0.062283231
1961.258961	-0.083968112
1961.269162	-0.124640827
1961.334248	-0.186300912
1961.395977	-0.237620733
1961.388407	-0.286815751
1961.395586	-0.33500328
1961.452036	-0.388735712
1961.601069	-0.437126323
1961.576713	-0.486565993
1961.581161	-0.529170042
1961.593221	-0.564910571
1961.594002	-0.620823154
1961.579093	-0.65698219
1961.599183	-0.715908026
1961.591186	-0.764120074
1961.596424	-0.794252604
1961.704818	-0.278093526
1961.734678	-0.346806855
1961.733427	-0.395163985
1961.746016	-0.192941229
1961.713758	-0.228430653
1961.755273	-0.441869407
1961.807942	-0.074419944
1961.811859	-0.124919832
1961.828223	0.082938824
1961.82569	0.03439197
1961.816547	-0.000762649
1961.817062	-0.037591296
1961.960623	0.128376766
1961.939174	0.186090924
1961.963485	0.238809565
1961.979507	0.287240167
1961.995002	0.327347122
1962.14877	0.058272512
1962.187472	0.111955334
1962.15027	0.016535656
1962.113603	-0.025203478
1962.115925	-0.053494576
1962.296006	0.158270148
1962.362757	0.20723551
1962.50689	0.233753658
1962.642503	0.180590541
1962.67536	0.127269603
1962.701728	0.078716549
1962.728113	0.028923474
1962.799364	-0.014394031
1962.944487	-0.058725918
1963.078381	-0.087333885
1963.14227	-0.010806825
1963.174276	0.042762117
1963.237189	0.090639359
1963.317609	0.126612392
1963.307352	0.171208005
1963.316489	0.206817002
1963.43422	0.054480323
1963.579177	0.022046003
1963.599112	-0.025793375
1963.673236	0.18505462
1963.6772	0.131150872
1963.664935	0.089634941
1963.790339	0.373263358
1963.792744	0.319311781
1963.777709	0.292192504
1963.810452	0.246993709
1963.682331	0.223557297
1963.796407	0.562827264
1963.745692	0.515256927
1963.775066	0.481357831
1963.775581	0.444529183
1963.698886	0.417744712
1963.775572	0.675080238
1963.782716	0.623399229
1963.715581	0.601887951
1963.781191	0.732566874
1963.781732	0.792355301
1963.790411	0.76217627
1963.792903	0.859688485
1963.797911	0.914931457
1963.906991	0.175010443
1963.955537	0.251346185
1964.072302	0.286452974
1964.063176	0.348631211
1964.154386	0.222952786
1964.171223	0.167012302
1964.194327	0.122278515
1964.281766	0.069546588
1964.292083	0.020581227
1964.445274	0.088379419
1964.56619	0.121776307
1964.550236	0.160502188
1964.740571	0.076986719
1964.834572	0.035173183
1964.959663	-0.011853094
1964.928771	-0.04177637
1965.101065	0.037740029
1965.158282	0.079590765
1965.196221	0.122278515
1965.243847	0.161060198
1965.301118	0.199004865
1965.433276	0.239925585
1965.444742	0.262059974
1965.580495	0.198865362
1965.629241	0.157433134
1965.6555	0.116667417
1965.678613	0.071220617
1965.701854	0.016647258
1965.734521	-0.023083041
1965.844315	-0.066962904
1966.0175	-0.051222679
1966.106786	-0.006342747
1966.244808	0.030804764
1966.198676	0.082101809
1966.354029	-0.004947722
1966.373764	-0.038428311
1966.390433	-0.082294083
1966.410277	-0.12363641
1966.430307	-0.178209769
1966.450241	-0.225963009
1966.55983	-0.255215124
1966.541274	-0.306105619
1966.588134	-0.350443484
1966.542461	-0.391121514
1966.538182	-0.42961312
1966.575801	-0.478977059
1966.586291	-0.540358139
1966.602971	-0.584998924
1966.668122	-0.191602005
1966.682133	-0.045124429
1966.686026	-0.093950288
1966.673703	-0.131336945
1966.67541	-0.253541094
1966.787342	0.009281528
1966.777124	0.051132264
1966.837833	0.072894647
1966.927116	0.003087619
1966.96042	0.03271794
1967.075105	0.098444733
1967.026105	0.157991144
1967.219486	0.10721225
1967.286356	0.147667962
1967.420549	0.196164088
1967.574879	0.182376172
1967.623676	0.13734478
1967.653191	0.093401508
1967.692532	0.035647492
1967.801471	-0.004529215
1967.770639	-0.038707316
1968.000855	0.032239646
1968.016035	-0.020013987
1968.135058	0.080009272
1968.172842	0.133717717
1968.23002	0.178358502
1968.352647	0.227240162
1968.373468	0.253968832
1968.528346	0.200957899
1968.602784	0.159386168
1968.635636	0.106375236
1968.674958	0.050016245
1968.796938	0.007272693
1968.913043	-0.048352914
1968.957852	0.027919056
1969.081068	0.095959053
1969.068616	0.144459406
1969.169911	0.019325705
1969.190082	-0.045403434
1969.187475	-0.088649194
1969.336448	-0.132676169
1969.294766	-0.183231858
1969.26641	-0.222257669
1969.260561	-0.263306266
1969.258004	-0.31012329
1969.268391	-0.364027038
1969.259419	-0.411457872
1969.247042	-0.444938461
1969.43766	-0.068002831
1969.51973	-0.01221301
1969.532496	0.039414058
1969.664194	0.09409902
1969.642922	0.114506236
1969.824026	0.154443795
1969.823047	0.224487313
1969.813449	0.271267136
1969.808223	0.300562651
1969.894917	0.071220617
1970.026341	0.030625403
1970.005088	0.000353371
1970.112944	0.095215039
1970.169849	0.159386168
1970.318148	0.209495449
1970.38086	0.225789336
1970.522691	0.187286659
1970.568256	0.143761893
1970.591268	0.105538221
1970.61105	0.068709573
1970.634116	0.026579832
1970.773282	-0.018220384
1970.779535	-0.038893319
1970.963254	0.027277345
1971.019747	0.071698912
1970.995791	0.111815831
1971.148337	-0.004110707
1971.248684	-0.061353214
1971.278154	-0.102171632
1971.24777	-0.13388147
1971.252051	-0.164482728
1971.25758	-0.20560919
1971.353325	-0.242157694
1971.386624	-0.28116258
1971.387244	-0.32552436
1971.445443	-0.124082818
1971.433167	-0.164817534
1971.433833	-0.212527373
1971.562753	-0.062400413
1971.573096	-0.009714056
1971.596185	0.02702624
1971.769814	0.061161222
1971.747092	0.120395232
1971.794661	0.163292237
1971.835533	-0.004110707
1971.904496	0.116419412
1971.937417	0.058497994
1972.066537	0.010397548
1972.171786	0.062013456
1972.212989	0.100795138
1972.247627	0.149900001
1972.363974	0.211560086
1972.507399	0.173894423
1972.540204	0.12423155
1972.572963	0.077916735
1972.605847	0.022673764
1972.679605	-0.016163719
1972.741568	-0.038260908
1972.837186	0.013187597
1972.959566	0.045273161
1973.056656	0.087030896
1973.153501	0.028705584
1973.202522	0.066198529
1973.338528	-0.015111472
1973.312674	-0.060801017
1973.312025	-0.110145858
1973.349118	-0.160204653
1973.452794	-0.19528487
1973.447547	-0.233452741
1973.487773	-0.124640827
1973.56707	-0.05427579
1973.631764	-0.011318334
1973.650043	0.028774671
1973.777241	0.1051795
1973.842336	0.055903248
1973.763362	0.192308747
1973.768472	0.240297591
1973.779228	0.159944178
1973.861122	0.01152951
1973.858931	-0.028663139
1974.001982	0.075405691
1974.116877	0.126045082
1974.193291	0.172917906
1974.33742	0.199816516
1974.491829	0.180367337
1974.544062	0.119209461
1974.570282	0.081264794
1974.596611	0.035507989
1974.63898	-0.009132796
1974.716727	-0.05767965
1974.86142	-0.071257888
1975.04563	-0.017168137
1975.071965	0.028532867
1975.081046	0.068151563
1975.217284	-0.029779159
1975.372103	-0.078605018
1975.320787	-0.129104906
1975.320355	-0.167089431
1975.34128	-0.216824049
1975.336205	-0.267351837
1975.451569	-0.020292992
1975.491779	0.043682833
1975.507648	0.103027177
1975.527147	0.201376407
1975.513229	0.163292237
1975.58057	0.307928381
1975.627382	0.267082062
1975.638711	0.375627371
1975.624591	0.466923977
1975.663672	0.427788889
1975.635486	0.514503614
1975.651942	0.577823778
1975.651185	0.632020481
1975.650437	0.685589423
1975.802675	0.28512438
1975.904059	0.230253415
1975.930279	0.192308747
1976.04649	0.148783982
1976.034148	0.112832206
1976.236937	0.176684472
1976.363643	0.202910934
1976.44915	0.157074413
1976.525598	0.103027177
1976.545321	0.070383603
1976.652042	0.016586384
1976.874188	-0.024478066
1976.845751	-0.05767965
1976.972866	0.037740029
1977.012246	0.092145985
1977.045227	0.144877913
1977.092764	0.190076708
1977.226948	0.2392323
1977.419702	0.233378269
1977.56658	0.201348506
1977.563627	0.136842572
1977.550295	0.079745767
1977.553568	0.029369881
1977.71779	0.272941165
1977.749518	0.300423149
1977.896612	0.344955432
1977.855064	0.445724918
1977.898992	0.404457103
1977.822345	0.374219947
1977.87806	0.523592199
1977.878544	0.488983965
1977.880381	0.633359704
1977.877201	0.585147656
1977.858214	0.565059303
1977.948739	0.291355489
1977.949324	0.249504753
1977.969197	0.206165991
1978.069296	0.166640296
1978.133964	0.134833736
1978.115501	0.077247123
1978.125628	0.041925102
1978.277993	0.168872335
1978.403955	0.116897707
1978.552145	0.082938824
1978.61115	0.042762117
1978.712627	0.088518922
1978.85679	0.036252002
1978.816632	-0.000762649
1978.997007	0.074987184
1979.039553	0.132601697
1979.106355	0.177939994
1979.215662	0.214852344
1979.314267	0.236391522
1979.433721	0.190541716
1979.463184	0.150318509
1979.489674	0.092983
1979.561056	0.040334774
1979.61608	0.009281528
1979.623173	-0.038707316
1979.782564	0.044994156
1979.94933	0.003003918
1979.92819	-0.035359257
1980.08114	0.049659118
1980.191045	-0.002213474
1980.217223	-0.037126288
1980.198546	-0.079442032
1980.198967	-0.109574562
1980.41423	-0.002645932
1980.381112	-0.045608037
1980.429597	-0.068281836
1980.434105	-0.115165821
1980.430758	-0.151425298
1980.426503	-0.191602005
1980.44169	-0.244333932
1980.541889	0.168732832
1980.494464	0.115582398
1980.485333	0.079590765
1980.485847	0.042762117
1980.584678	0.258258674
1980.589449	0.212257598
1980.581607	0.313954887
1980.715347	0.164966266
1980.764017	0.128974633
1980.832072	0.084612853
1980.901415	0.04658847
1980.881351	0.005096454
1981.043444	0.125267854
1981.223583	0.160362685
1981.196475	0.204473361
1981.4124	0.116180265
1981.409067	0.157712139
1981.493977	0.056154352
1981.520274	0.012629587
1981.552979	-0.029779159
1981.681927	-0.065593243
1981.82639	-0.062701738
1981.886764	-0.016944933
1981.92462	0.031601921
1981.959162	0.087542405
1982.006475	0.148783982
1982.140913	0.179728162
1982.318845	0.131485677
1982.395833	0.09123922
1982.402943	0.042029729
1982.403623	-0.006621752
1982.404254	-0.051820547
1982.587535	0.237358739
1982.590336	0.190076708
1982.590827	0.15492209
1982.569434	0.307086052
1982.582836	0.267249465
1982.596042	0.356339884
1982.596026	0.426433722
1982.625523	0.487216934
1982.791494	0.226235744
1982.80597	0.293420125
1982.766591	0.353863749
1982.753978	0.429253665
1982.753296	0.478009772
1982.773709	0.395982329
1982.892048	0.200120885
1982.921417	0.166640296
1983.04734	0.117484704
1983.181758	0.149900001
1983.31626	0.176227919
1983.432769	0.111397324
1983.472046	0.058246889
1983.520792	0.016814661
1983.630608	-0.028663139
1983.721764	-0.040939355
1983.848533	0.00258541
1983.896086	0.046668186
1983.92759	0.090192951
1983.966995	0.142785376
1984.038586	0.190076708
1984.166329	0.240576596
1984.217506	0.255084851
1984.346546	0.212676105
1984.401787	0.166082286
1984.530812	0.12478956
1984.500585	0.081767003
1984.529394	0.029226393
1984.673526	0.176312466
1984.73173	0.12560266
1984.829933	0.090471956
1984.849697	0.05489883
1984.869437	0.020999734
1984.889376	-0.027068826
1984.886748	-0.068839846
1985.015963	-0.123748012
1984.987595	-0.161887982
1984.978725	-0.216575791
1984.986064	-0.282185598
1984.970637	-0.32719839
1984.971116	-0.361515993
1985.203065	-0.069816363
1985.197412	-0.009969811
1985.347322	-0.121125366
1985.36991	-0.174973313
1985.364057	-0.215708029
1985.374196	-0.251867065
1985.500324	0.029160628
1985.409456	-0.017502943
1985.400291	-0.050983532
1985.459616	0.184767643
1985.474922	0.123487537
1985.48846	0.073891093
1985.453579	0.272104151
1985.454179	0.229137395
1985.707626	0.016282015
1985.890128	0.054689577
1985.995563	0.092983
1986.052748	0.137065776
1986.109887	0.18449661
1986.244282	0.218535208
1986.370174	0.171662384
1986.399712	0.126045082
1986.432449	0.081264794
1986.465161	0.038298038
1986.497889	-0.005784737
1986.633361	-0.048852949
1986.777965	-0.05600562
1986.844745	-0.009132796
1986.882485	0.047784205
1986.910766	0.092145985
1986.938969	0.142087864
1987.005816	0.184217605
1987.140272	0.213847926
1987.343459	0.150737016
1987.385626	0.120604486
1987.409774	0.092983
1987.546209	0.118930457
1987.584042	0.16915134
1987.689002	0.241413611
1987.689532	0.203468943
1987.687548	0.345522299
1987.688302	0.291541492
1987.67703	0.408816555
1987.675736	0.501446184
1987.66668	0.460153458
1987.79295	0.156261313
1987.936276	0.125626574
1987.860846	0.077247123
1987.858903	0.032438935
1987.846429	0.005933469
1988.114122	0.152487138
1988.28738	0.16305309
1988.35881	0.106933246
1988.391608	0.057828382
1988.490573	0.00095921
1988.552598	-0.030476671
1988.704234	-0.023780553
1988.771145	0.013745607
1988.828416	0.051690274
1988.875891	0.101353147
1988.923443	0.145435923
1988.990372	0.181706561
1989.128839	0.219730944
1989.143615	0.245738187
1989.279222	0.193006259
1989.334469	0.145993933
1989.360906	0.09242499
1989.39379	0.037182019
1989.455409	-0.006203244
1989.523415	-0.047077463
1989.658786	-0.082942276
1989.820295	-0.019511778
1989.820626	0.055317338
1989.792192	0.021929751
1989.914856	-0.089486209
1989.996625	-0.130406929
1989.987453	-0.163422509
1990.103564	-0.199804749
1990.072052	-0.242799405
1990.104782	-0.286990683
1990.097818	-0.340218619
1990.106224	-0.39022582
1990.095533	-0.452452993
1990.101247	-0.493733319
1990.256656	-0.124975633
1990.218865	-0.178209769
1990.219555	-0.227593638
1990.333268	-0.092276258
1990.390423	-0.045961444
1990.418587	0.006770484
1990.446725	0.061424445
1990.4558	0.101353147
1990.477501	0.157042527
1990.562557	0.351564748
1990.491751	0.286333401
1990.492301	0.246993709
1990.483135	0.21351312
1990.578879	0.45289933
1990.609065	0.39375029
1990.555348	0.561107398
1990.575357	0.507982871
1990.543836	0.6956336
1990.554046	0.654340873
1990.55456	0.617512226
1990.717856	0.421650781
1990.731083	0.3943083
1990.738214	0.343529407
1990.758238	0.289402455
1990.771441	0.263734003
1990.778604	0.210723071
1990.920602	0.160223183
1990.833909	0.126702736
1991.038479	0.181371755
1991.157303	0.226666209
1991.137408	0.271546141
1991.273752	0.166082286
1991.312968	0.117256427
1991.33275	0.080427779
1991.359005	0.039972068
1991.391732	-0.004110707
1991.517715	-0.057512247
1991.686621	-0.080279047
1991.75155	-0.015828914
1991.782945	0.035507989
1991.8239	0.092145985
1991.871417	0.138739805
1991.957476	0.184775615
1992.120837	0.214140881
1992.203136	0.23384062
1992.410147	0.192530357
1992.407049	0.13844964
1992.39234	0.087960912
1992.377534	0.044436146
1992.544051	0.261725168
1992.562518	0.318976975
1992.506236	0.210165061
1992.667743	0.372266912
1992.681943	0.439480523
1992.689869	0.512452928
1992.683663	0.611932127
1992.693858	0.571755421
1992.745712	0.307816779
1992.765785	0.250155765
1992.763171	0.207375012
1992.770381	0.151016021
1992.874043	0.086286882
1992.869718	0.051132264
1992.875114	0.009616334
1992.866082	-0.033406223
1993.085768	0.101657516
1993.25895	0.117591233
1993.267847	0.17032316
1993.34326	0.058944402
1993.376066	0.009281528
1993.477944	-0.042613385
1993.565979	-0.06906305
1993.698456	-0.081674072
1993.738613	-0.01393168
1993.770482	0.049458235
1993.811612	0.09354101
1993.855821	0.147109952
1993.922644	0.190913723
1994.050531	0.231090429
1994.129006	0.245319679
1994.303107	0.195517304
1994.372839	0.145993933
1994.343688	0.098244236
1994.348287	0.0645245
1994.536495	0.246190175
1994.452386	0.198446855
1994.539343	0.278800268
1994.550912	0.31757079
1994.722527	0.366894075
1994.728502	0.431725958
1994.698867	0.484287382
1994.736991	0.5137224
1994.787961	0.313117872
1994.807957	0.260897453
1994.828183	0.192252946
1994.82554	0.151574031
1994.845571	0.096873569
1994.858798	0.069546588
1994.869101	0.021627495
1994.869613	-0.015058329
1994.892864	-0.070327872
1995.0213	-0.135163298
1994.958617	-0.179824012
1994.949294	-0.202064689
1995.184513	-0.075495309
1995.213955	-0.010806825
1995.212622	0.027137842
1995.247103	-0.142497141
1995.257318	-0.184068873
1995.412351	0.047359055
1995.368917	0.102548883
1995.543894	-0.009969811
1995.659894	-0.038428311
1995.739485	0.010955558
1995.779701	0.074434754
1995.821082	0.146551942
1995.887962	0.186310142
1996.015815	0.22885839
1996.050768	0.255363856
1996.176759	0.201376407
1996.235046	0.166640296
1996.258093	0.125905579
1996.284243	0.092983
1996.297747	0.04577537
1996.420538	-0.009008794
1996.471373	-0.02754712
1996.646628	-0.036873855
1996.776603	0.018000431
1996.746973	0.0702162
1996.825528	-0.036196272
1996.835963	-0.093552706
1996.853022	-0.165375544
1996.927905	-0.238753834
1996.942514	-0.288456566
1996.991588	-0.337945659
1997.065668	-0.399851268
1997.098608	-0.275240701
1997.110712	-0.222230544
1997.099287	-0.323850331
1997.128692	-0.130061494
1997.116333	-0.164817534
1997.18236	-0.064003761
1997.242352	0.009033524
1997.239699	-0.030895179
1997.260843	0.064636102
1997.364599	0.118583814
1997.307686	0.205477779
1997.313827	0.179660525
1997.507873	0.081264794
1997.644624	0.045153588
1997.624563	0.003422425
1997.73853	0.120604486
1997.805517	0.15269005
1997.862718	0.195656806
1997.962321	0.237619144
1998.061002	0.253689827
1998.190112	0.206258993
1998.235747	0.157712139
1998.361989	0.118571736
1998.307611	0.070551006
1998.479479	0.180590541
1998.633175	0.212173897
1998.607024	0.310905762
1998.645393	0.257037886
1998.61435	0.377593628
1998.622809	0.494510919
1998.620335	0.441739134
1998.612206	0.609923292
1998.604297	0.555433634
1998.647993	0.530741699
1998.723955	0.150155091
1998.731082	0.099679118
1998.741294	0.058330591
1998.83688	0.013466602
1998.848412	-0.023920056
1998.821998	-0.064040962
1998.855949	-0.103715459
1998.792235	-0.140265102
1998.78305	-0.172350666
1999.060874	-0.061341589
1999.065568	-0.121534307
1999.023788	-0.165040738
1999.041042	-0.21801447
1999.034909	-0.271536911
1999.173135	-0.019176972
1999.325054	0.060875116
1999.290871	0.025184808
1999.330465	0.121816663
1999.282922	0.200174028
1999.347001	0.144877913
1999.278046	0.253689827
1999.470863	0.105370818
1999.625297	0.049667488
1999.614862	0.003589828
1999.609435	-0.021688017
1999.77494	0.084054843
1999.822344	0.138739805
1999.91462	0.199493124
2000.068615	0.209746554
2000.175428	0.149341991
2000.208296	0.095215039
2000.240969	0.055038333
2000.273783	0.00481745
2000.37718	-0.040939355
2000.505745	-0.049309502
2000.649524	0.00258541
2000.697055	0.048202713
2000.728479	0.097447079
2000.76321	0.139855825
2000.810824	0.179474521
2000.887273	0.223892103
2001.041109	0.245471864
2001.166897	0.205979988
2001.196383	0.164129252
2001.269365	0.111815831
2001.332579	0.069211782
2001.313895	0.027456705
2001.352777	0.00258541
2001.474179	0.139186213
2001.547544	0.197442437
2001.553464	0.256368274
2001.570503	0.277963254
2001.646558	0.120660287
2001.666516	0.071158616
2001.679945	0.029369881
2001.687045	-0.019176972
2001.710178	-0.066049797
2001.710693	-0.102878445
2001.812085	-0.169308184
2001.789465	-0.224803589
2001.751337	-0.253959602
2002.031741	-0.130619504
2001.985765	-0.070737079
2001.998672	-0.029221149
2002.144516	-0.125198837
2002.195311	-0.083348101
2002.230077	-0.043450399
2002.359487	0.00258541
2002.353859	0.060698147
2002.495747	-0.047635473
2002.537669	0.005468461
2002.590527	0.063807059
2002.68095	0.092983
2002.747719	0.140692839
2002.833867	0.180367337
2002.987588	0.210165061
2003.132443	0.18505462
2003.171609	0.139855825
2003.191526	0.093317806
2003.211303	0.056823964
2003.231164	0.014303616
2003.326167	-0.028216731
2003.362821	-0.051222679
2003.539813	-0.012480855
2003.709336	-0.079442032
2003.762539	-0.095066307
2003.917296	-0.139372286
2003.939825	-0.175818299
2003.915223	-0.22089752
2004.004155	-0.249099792
2004.058297	-0.302422754
2004.19077	-0.130804046
2004.175658	-0.186872872
2004.182277	-0.074486905
2004.214258	-0.019176972
2004.21721	-0.23052319
2004.3968	0.016396153
2004.376899	0.061734451
2004.53558	-0.033592226
2004.582788	0.035135983
2004.601255	0.09242499
2004.668874	0.155852106
2004.818169	0.196055384
2004.997534	0.229137395
2004.961774	0.260385944
2005.116975	0.184217605
2005.14008	0.139409417
2005.166429	0.092145985
2005.192685	0.051610558
2005.215825	0.00425944
2005.245256	-0.033685228
2005.380791	-0.081268246
2005.505394	-0.035917267
2005.543391	0.00258541
2005.668002	0.047365698
2005.68218	0.06682629
2005.793759	0.010118543
2005.911901	-0.033741029
2005.872054	-0.077684301
2005.886069	-0.115489466
2005.867407	-0.158791028
2005.934479	-0.178767779
2006.098897	0.00481745
2006.102868	-0.049588507
2006.103332	-0.082790091
2006.103986	-0.129662916
2006.101492	-0.180999819
2006.123397	-0.238474829
2006.106167	-0.285766161
2006.11634	-0.324408341
2006.107131	-0.354819876
2006.117322	-0.394717577
2006.213136	0.102469167
2006.239658	0.042873719
2006.196254	0.161618207
2006.304445	0.00258541
2006.401368	-0.039451329
2006.529118	-0.081450868
2006.580943	-0.021409012
2006.612264	0.035228984
2006.65005	0.088797927
2006.736141	0.132531946
2006.831738	0.185473127
2006.963493	0.236112518
2006.93649	0.27266216
2007.091601	0.202910934
2007.118094	0.145435923
2007.141034	0.112401742
2007.160905	0.069174581
2007.190494	0.019883715
2007.249044	-0.033685228
2007.368015	-0.077768003
2007.445718	-0.090323224
2007.557498	-0.046519453
2007.691893	-0.012480855
2007.671934	0.037070417
2007.795454	-0.069955866
2007.921231	-0.108644546
2007.925209	-0.163562012
2007.910524	-0.215708029
2007.920296	-0.271564811
2007.919877	-0.333559702
2007.928228	-0.379679213
2007.943378	-0.429732693
2007.929726	-0.486900799
2007.914839	-0.524622262
2007.930808	-0.564352561
2007.931322	-0.601181209
2007.931836	-0.638009856
2007.927542	-0.675396514
2008.0297	-0.05767965
2008.048441	-0.020013987
2008.169158	0.027719767
2008.224089	0.049318732
2008.40603	0.127858614
2008.384273	0.076242706
2008.372803	0.207654017
2008.305941	0.166640296
2008.557828	0.065481088
2008.653374	0.121999511
2008.704099	0.168872335
2008.825399	0.220817976
2008.989182	0.219930233
2009.066726	0.185891634
2009.086449	0.15324806
2009.103183	0.104701206
2009.126173	0.068081812
2009.142973	0.014861626
2009.271798	-0.012176486
2009.492224	-0.006714753
2009.493977	-0.055587113
2009.598351	0.058665397
2009.626562	0.108049265
2009.67413	0.151016021
2009.782983	0.174452433
2009.846545	0.221883267
2010.020431	0.187398261
2009.971127	0.130778865
2009.976989	0.078976954
2009.983933	0.041646097
2010.1143	0.364056196
2010.066855	0.312280857
2010.067369	0.275452209
2010.067884	0.238623562
2010.14857	0.669327423
2010.123573	0.619744265
2010.165197	0.582469209
2010.124602	0.546086969
2010.170018	0.51316439
2010.151149	0.48470589
2010.183736	0.450667291
2010.197168	0.408677053
2010.134516	0.985798703
2010.125366	0.951202094
2010.161394	0.900702206
2010.126511	0.869174652
2010.136558	0.839600132
2010.137072	0.802771484
2010.160143	0.760362738
2010.160588	0.728556179
2010.135716	1.195450962
2010.132291	1.145110505
2010.132805	1.108281857
2010.13332	1.071453209
2010.133705	1.043831724
2010.129286	1.360223288
2010.129801	1.323394641
2010.130315	1.286565993
2010.130829	1.249737345
2010.326358	0.355513332
2010.313527	0.288844445
2010.492375	0.424600261
2010.498225	0.465621954
2010.576726	0.36305975
2010.583803	0.316186926
2010.59724	0.27377818
2010.60431	0.227463365
2010.627397	0.183858884
2010.710856	0.14019063
2010.686024	0.12478956
2010.926519	0.149443448
2011.061531	0.139297815
2011.1008	0.08670539
2011.140054	0.035228984
2011.198514	-0.011922845
2011.334087	-0.062245184
2011.468878	-0.05656363
2011.526009	-0.008574786
2011.55431	0.03439197
2011.582472	0.0872634
2011.613787	0.144319903
2011.677325	0.193424767
2011.795606	0.231648439
2011.859481	0.256619378
2012.004653	0.208825838
2012.06295	0.173336413
2012.070089	0.121999511
2012.093382	0.063687485
2012.12929	0.021805748
2012.181133	-0.011364835
2012.311112	-0.055288179
2012.38022	-0.076572268
2012.569022	-0.040344145
2012.547139	-0.006342747
2012.692805	-0.089486209
2012.70307	-0.134685004
2012.703584	-0.171513652
2012.713966	-0.225082594
2012.711277	-0.262469251
2012.715468	-0.332638986
2012.822462	-0.405957489
2012.816489	-0.495647603
2012.832644	-0.445217466
2012.853413	-0.552773857
2012.83158	-0.598949169
2012.816071	-0.638149359
2012.794137	-0.677070543
2012.807468	-0.711911281
2012.796431	-0.749388615
2012.81649	-0.806082412
2012.799756	-0.849495576
2012.806094	-0.889411878
2012.791175	-0.924826901
2012.791689	-0.961655549
2012.787387	-0.998484196
2012.931949	-0.31296914
2012.917955	-0.345612714
2012.948603	-0.240846371
2012.983157	-0.185742902
2013.020803	-0.122129783
2013.058647	-0.072745915
2013.09984	-0.033127218
2013.215798	0.056363606
2013.105529	0.019325705
2013.180488	0.342831895
2013.165887	0.296098573
2013.188818	0.263734003
2013.189239	0.233601473
2013.21229	0.192606352
2013.253971	0.151239225
2013.23909	0.113071354
2013.123768	0.092983
2013.175959	0.494616144
2013.1702	0.447133229
2013.186766	0.410630087
2013.138873	0.390960241
2013.177454	0.663492234
2013.183943	0.612769142
2013.184551	0.569244377
2013.175303	0.541622891
2013.181406	0.794401337
2013.18192	0.757572689
2013.182434	0.720744041
2013.35232	0.282985342
2013.352991	0.234940697
2013.483704	0.187774917
2013.482107	0.129647234
2013.522003	0.089673692
2013.427705	0.058665397
2013.43951	0.018209685
2013.630919	0.108607275
2013.681441	0.169988355
2013.748402	0.203887451
2013.84405	0.253131817
2013.989353	0.195966811
2014.028484	0.15324806
2014.054984	0.095215039
2014.074953	0.044994156
2014.101204	0.00481745
2014.133869	-0.034801247
2014.262989	-0.082942276
2014.407684	-0.096600834
2014.468052	-0.050425522
2014.50833	0.008678877
2014.633386	0.067562553
2014.626408	0.107379653
2014.635436	0.150737016
2014.781689	0.02548972
2014.814294	0.105119714
2014.828119	0.149900001
2014.829148	0.076242706
2014.853053	-0.02587309
2014.975985	-0.090825433
2014.957284	-0.131336945
2014.938564	-0.170509234
2014.958313	-0.204994241
2014.978079	-0.240706869
2014.978593	-0.277535516
2014.959839	-0.314224662
2014.934681	-0.352308832
2014.922438	-0.39541509
2014.988579	-0.440697586
2014.97507	-0.485115167
2014.953099	-0.521385805
2014.956726	-0.551183529
2014.934762	-0.587974976
2014.929553	-0.628925457
2014.932756	-0.674280494
2015.06355	0.077358725
2015.060986	0.031043911
2015.061395	0.001748396
2015.052264	-0.034243237
2015.080954	0.210723071
2015.078511	0.155759104
2015.069193	0.133159707
2015.121069	0.281478715
2015.156043	0.352457564
2015.173568	0.477172757
2015.170883	0.439507095
2015.171445	0.399330388
2015.263314	0.581196947
2015.188888	0.529904685
2015.24949	0.674289724
2015.293665	0.615280186
2015.290442	0.846017245
2015.291157	0.794819844
2015.272402	0.758130699
2015.292168	0.722418071
2015.285205	0.945063987
2015.257983	1.100748725
2015.306965	1.0424925
2015.297921	1.000306958
2015.299163	1.206930021
2015.308197	1.151345411
2015.307058	1.311676434
2015.303907	1.261455551
2015.311529	1.405422083
2015.312044	1.368593436
2015.379035	0.480799821
2015.390632	0.570081391
2015.392246	0.45457336
2015.39276	0.417744712
2015.402955	0.377568005
2015.403469	0.340739358
2015.403984	0.30391071
2015.404498	0.267082062
2015.405012	0.230253415
2015.470339	0.151295026
2015.544604	0.122185514
2015.750999	0.151239225
2015.733046	0.195098796
2015.830989	0.080009272
2015.912191	0.014024612
2015.851759	-0.02754712
2015.904355	-0.068728244
2015.920601	-0.128281841
2015.911937	-0.197670362
2015.922257	-0.246844977
2016.059606	0.035507989
2016.161702	0.082938824
2016.206168	0.118040298
2016.217047	0.166807699
2016.229433	0.225948767
2016.408346	0.02865244
2016.408493	0.018129969
2016.527786	0.082380814
2016.56247	0.128137619
2016.600514	0.163292237
2016.657666	0.209746554
2016.801688	0.244273411
2016.801307	0.271546141
2016.946779	0.202213421
2016.989252	0.150139148
2017.022061	0.100237128
2017.042194	0.038298038
2017.074937	-0.006900757
