1880.083333	0
1880.166667	-0.029215822
1880.25	-0.739503775
1880.333333	-0.567912783
1880.416667	0.249329617
1880.5	0.928885493
1880.583333	1.05464324
1880.666667	0.581227811
1880.75	0.862885215
1880.833333	1.112061137
1880.916667	0.923899395
1881	1.071921733
1881.083333	0.989548027
1881.166667	1.456015661
1881.25	1.473090261
1881.333333	2.083711593
1881.416667	2.793265488
1881.5	2.632506951
1881.583333	1.96537866
1881.666667	1.183024722
1881.75	1.032193537
1881.833333	1.694044951
1881.916667	2.156791508
1882	2.328628458
1882.083333	2.397008289
1882.166667	3.156502397
1882.25	4.243466326
1882.333333	4.594230225
1882.416667	4.45439668
1882.5	3.173937072
1882.583333	1.519033872
1882.666667	-0.144043294
1882.75	-1.148653865
1882.833333	-2.411052749
1882.916667	-3.764247774
1883	-5.054924612
1883.083333	-5.739986813
1883.166667	-6.380834535
1883.25	-6.694628352
1883.333333	-7.134111436
1883.416667	-7.678797315
1883.5	-6.980307276
1883.583333	-6.330712981
1883.666667	-5.346167114
1883.75	-5.487699086
1883.833333	-5.113446325
1883.916667	-4.109648207
1884	-3.250560566
1884.083333	-2.707200536
1884.166667	-2.344332042
1884.25	-1.62874951
1884.333333	-0.444804007
1884.416667	0.295820121
1884.5	1.067084598
1884.583333	2.447434015
1884.666667	3.44894484
1884.75	3.876567
1884.833333	3.559984846
1884.916667	3.490705058
1885	3.821822225
1885.083333	4.47268353
1885.166667	4.776764304
1885.25	5.997597815
1885.333333	8.113124926
1885.416667	9.753794526
1885.5	11.20989758
1885.583333	9.977851161
1885.666667	8.646137191
1885.75	4.995621761
1885.833333	2.376026519
1885.916667	0.391695767
1886	-1.244345092
1886.083333	-2.978030658
1886.166667	-4.711395253
1886.25	-6.204893598
1886.333333	-7.452622317
1886.416667	-8.409757856
1886.5	-9.989394772
1886.583333	-10.60856238
1886.666667	-9.733820429
1886.75	-7.26695411
1886.833333	-5.298331704
1886.916667	-4.505438515
1887	-4.01230122
1887.083333	-4.634396686
1887.166667	-5.448540542
1887.25	-5.863588339
1887.333333	-5.495311018
1887.416667	-4.602357959
1887.5	-3.427848651
1887.583333	-1.693661647
1887.666667	-0.369539649
1887.75	0.506702069
1887.833333	0.955093426
1887.916667	1.575911936
1888	2.028652237
1888.083333	2.12029858
1888.166667	1.59297828
1888.25	1.164499982
1888.333333	1.018049089
1888.416667	1.182285404
1888.5	0.213964639
1888.583333	-0.64382219
1888.666667	-2.294513035
1888.75	-2.87532678
1888.833333	-3.789427162
1888.916667	-3.76935763
1889	-3.593725656
1889.083333	-3.375182286
1889.166667	-3.819204845
1889.25	-5.028600431
1889.333333	-6.232114335
1889.416667	-6.619985875
1889.5	-6.379467316
1889.583333	-5.905477306
1889.666667	-5.894851677
1889.75	-6.158072819
1889.833333	-6.717784056
1889.916667	-6.922530767
1890	-6.986838394
1890.083333	-6.714133709
1890.166667	-6.716557235
1890.25	-6.374796461
1890.333333	-6.466121244
1890.416667	-6.187948915
1890.5	-6.453023173
1890.583333	-6.135824924
1890.666667	-5.757036749
1890.75	-4.706428821
1890.833333	-3.997633742
1890.916667	-3.432940752
1891	-3.220108035
1891.083333	-2.894619285
1891.166667	-3.300622576
1891.25	-3.307454797
1891.333333	-3.626872814
1891.416667	-3.089005387
1891.5	-3.186201738
1891.583333	-2.712577423
1891.666667	-2.404720733
1891.75	-1.456230284
1891.833333	-0.473112937
1891.916667	0.17261283
1892	0.321202495
1892.083333	0.9179671
1892.166667	1.741879484
1892.25	2.670648575
1892.333333	2.723457315
1892.416667	2.369403219
1892.5	1.479963088
1892.583333	0.622536834
1892.666667	0.785952557
1892.75	1.557488196
1892.833333	2.536332593
1892.916667	2.387928347
1893	3.024481708
1893.083333	4.374262005
1893.166667	5.940497295
1893.25	6.768426646
1893.333333	7.21726701
1893.416667	7.940097118
1893.5	8.599424692
1893.583333	8.202365418
1893.666667	6.995962982
1893.75	4.365848038
1893.833333	2.132869332
1893.916667	0.538719607
1894	0.408424312
1894.083333	0.016268977
1894.166667	-0.281797996
1894.25	-1.305067892
1894.333333	-2.099835326
1894.416667	-2.930962438
1894.5	-3.457163922
1894.583333	-3.910652101
1894.666667	-4.475443996
1894.75	-3.962628661
1894.833333	-3.286444792
1894.916667	-2.200925284
1895	-2.540486176
1895.083333	-3.172549558
1895.166667	-3.303389996
1895.25	-2.827835087
1895.333333	-2.746485187
1895.416667	-3.60645047
1895.5	-4.482882841
1895.583333	-4.475542795
1895.666667	-3.923952926
1895.75	-2.561923734
1895.833333	-0.807066134
1895.916667	0.702763165
1896	1.26963143
1896.083333	1.906610832
1896.166667	1.834217506
1896.25	2.720646689
1896.333333	3.595543252
1896.416667	5.706063437
1896.5	7.410290134
1896.583333	8.278317974
1896.666667	7.981887365
1896.75	6.098367099
1896.833333	3.722560703
1896.916667	1.876930709
1897	1.782339347
1897.083333	2.760670288
1897.166667	3.699718243
1897.25	3.914027908
1897.333333	3.030371151
1897.416667	2.645681891
1897.5	2.513715877
1897.583333	2.211286758
1897.666667	1.130864301
1897.75	-0.246976937
1897.833333	-1.052820542
1897.916667	-1.802999347
1898	-1.846841517
1898.083333	-1.279275241
1898.166667	-0.047401749
1898.25	0.544956869
1898.333333	-0.013496655
1898.416667	-1.023838219
1898.5	-2.210758373
1898.583333	-2.004889615
1898.666667	-1.953872815
1898.75	-0.697397675
1898.833333	0.378130566
1898.916667	2.221342042
1899	4.482386307
1899.083333	6.124144057
1899.166667	7.50338299
1899.25	7.393944753
1899.333333	7.715372476
1899.416667	7.640859462
1899.5	7.337555281
1899.583333	5.749027297
1899.666667	3.589709714
1899.75	1.707363929
1899.833333	0.322555684
1899.916667	0.232290521
1900	-0.897790107
1900.083333	-1.240309135
1900.166667	-2.660212072
1900.25	-2.750783233
1900.333333	-3.728621045
1900.416667	-4.954004305
1900.5	-5.654968111
1900.583333	-5.968413686
1900.666667	-5.487275137
1900.75	-5.13986948
1900.833333	-3.54043004
1900.916667	-1.17313537
1901	1.407706162
1901.083333	2.496387577
1901.166667	2.236169675
1901.25	2.555405301
1901.333333	2.590885132
1901.416667	4.135490475
1901.5	4.829777387
1901.583333	6.611403523
1901.666667	7.628669399
1901.75	7.096810625
1901.833333	7.126474747
1901.916667	5.957979581
1902	5.982950734
1902.083333	5.184402802
1902.166667	5.98644501
1902.25	6.55408306
1902.333333	6.682773532
1902.416667	6.42727206
1902.5	5.798834118
1902.583333	5.270584108
1902.666667	4.503546912
1902.75	3.726016833
1902.833333	2.407380176
1902.916667	0.900164187
1903	-1.281342716
1903.083333	-2.534035807
1903.166667	-4.394798011
1903.25	-4.823774497
1903.333333	-4.637949925
1903.416667	-3.603992934
1903.5	-2.713243088
1903.583333	-2.079763177
1903.666667	-1.554076386
1903.75	-1.370531985
1903.833333	-1.642361566
1903.916667	-1.786692874
1904	-1.743099859
1904.083333	-1.775478134
1904.166667	-0.961195228
1904.25	-0.705087829
1904.333333	-0.229500159
1904.416667	-0.776918621
1904.5	-0.658547453
1904.583333	-0.638985516
1904.666667	-1.356630399
1904.75	-1.958450076
1904.833333	-2.473046199
1904.916667	-1.936412513
1905	-2.448233379
1905.083333	-2.745718958
1905.166667	-3.48362549
1905.25	-2.887539703
1905.333333	-3.03600696
1905.416667	-3.241881438
1905.5	-2.794643755
1905.583333	-2.622373967
1905.666667	-1.930233809
1905.75	-2.674241256
1905.833333	-2.668764872
1905.916667	-4.083764433
1906	-4.760513579
1906.083333	-5.394945371
1906.166667	-4.692280338
1906.25	-4.931389486
1906.333333	-5.747921686
1906.416667	-6.444391074
1906.5	-6.463572756
1906.583333	-5.583510048
1906.666667	-4.915429218
1906.75	-4.914824557
1906.833333	-5.914139217
1906.916667	-6.696385976
1907	-6.667001798
1907.083333	-5.922293497
1907.166667	-6.204720082
1907.25	-6.298930279
1907.333333	-5.958617793
1907.416667	-4.838869776
1907.5	-3.714646319
1907.583333	-3.188385828
1907.666667	-2.903668897
1907.75	-3.189697855
1907.833333	-3.136580348
1907.916667	-2.279226132
1908	-0.801740987
1908.083333	0.284136441
1908.166667	1.364779898
1908.25	1.886064119
1908.333333	3.328284024
1908.416667	4.53851439
1908.5	6.782672304
1908.583333	7.258404434
1908.666667	6.862427078
1908.75	5.263166998
1908.833333	3.403624918
1908.916667	1.627755516
1909	0.243259814
1909.083333	-0.251573316
1909.166667	0.117894461
1909.25	0.24767021
1909.333333	0.959235606
1909.416667	0.434612475
1909.5	0.167057002
1909.583333	0.126613945
1909.666667	0.804263715
1909.75	0.192332335
1909.833333	-0.300708561
1909.916667	-0.604631534
1910	0.336808685
1910.083333	0.820270847
1910.166667	1.417435314
1910.25	1.84444451
1910.333333	3.122843539
1910.416667	4.023121865
1910.5	4.480638753
1910.583333	4.025207542
1910.666667	3.044593885
1910.75	3.493394495
1910.833333	2.866722956
1910.916667	3.152969065
1911	3.126072834
1911.083333	4.579959939
1911.166667	5.287769084
1911.25	4.573370226
1911.333333	3.689678011
1911.416667	3.763060301
1911.5	5.413204977
1911.583333	6.009977245
1911.666667	5.66379835
1911.75	3.732931963
1911.833333	1.925429953
1911.916667	1.252973285
1912	0.000421212
1912.083333	-0.525843037
1912.166667	-1.210053704
1912.25	-0.361426876
1912.333333	-0.175655925
1912.416667	-0.819126366
1912.5	-1.06991049
1912.583333	-1.347694429
1912.666667	-1.393596638
1912.75	-2.404967439
1912.833333	-2.794579111
1912.916667	-3.396418629
1913	-4.533325122
1913.083333	-6.020811207
1913.166667	-7.017008685
1913.25	-7.302650439
1913.333333	-7.776587143
1913.416667	-8.356898467
1913.5	-8.52071037
1913.583333	-7.952809144
1913.666667	-6.859153435
1913.75	-5.36797301
1913.833333	-4.354934328
1913.916667	-3.882349795
1914	-4.214899953
1914.083333	-3.926194948
1914.166667	-3.775981567
1914.25	-3.22309311
1914.333333	-3.788742727
1914.416667	-4.727657583
1914.5	-5.381421506
1914.583333	-5.262402259
1914.666667	-4.695564956
1914.75	-4.094028218
1914.833333	-2.594186921
1914.916667	-0.130108544
1915	1.417863017
1915.083333	2.07032719
1915.166667	2.047679112
1915.25	3.147073168
1915.333333	4.775940233
1915.416667	6.478806239
1915.5	8.021010137
1915.583333	8.12404877
1915.666667	7.120554853
1915.75	5.186356973
1915.833333	4.102177829
1915.916667	3.796499158
1916	3.551325704
1916.083333	3.606907418
1916.166667	3.470896972
1916.25	3.31474232
1916.333333	1.876679285
1916.416667	1.389471696
1916.5	1.625613731
1916.583333	2.804665654
1916.666667	3.004048707
1916.75	1.603276342
1916.833333	-0.040231308
1916.916667	-0.949255303
1917	-0.780689601
1917.083333	-0.152653558
1917.166667	0.156997631
1917.25	0.84750547
1917.333333	0.228868623
1917.416667	-0.665988405
1917.5	-1.145928563
1917.583333	-1.438767009
1917.666667	-2.940173203
1917.75	-4.08531721
1917.833333	-5.044576054
1917.916667	-3.621115098
1918	-2.869426876
1918.083333	-1.496902108
1918.166667	-1.328586298
1918.25	-1.286301421
1918.333333	-2.620008704
1918.416667	-3.326895299
1918.5	-4.20126555
1918.583333	-2.762907992
1918.666667	-1.444029549
1918.75	-0.942996233
1918.833333	-0.320007884
1918.916667	-1.067569753
1919	-1.027346254
1919.083333	-2.457852869
1919.166667	-2.587603373
1919.25	-2.668349023
1919.333333	-2.388456647
1919.416667	-2.761152668
1919.5	-2.938043556
1919.583333	-3.452657893
1919.666667	-3.846015634
1919.75	-3.901269049
1919.833333	-2.703687508
1919.916667	-0.815699182
1920	0.697274961
1920.083333	1.909007423
1920.166667	3.029878355
1920.25	3.891172387
1920.333333	4.421565545
1920.416667	4.471173769
1920.5	3.837434575
1920.583333	3.290045075
1920.666667	2.265996483
1920.75	1.42388927
1920.833333	-1.018959807
1920.916667	-2.691059341
1921	-4.253875083
1921.083333	-4.244108116
1921.166667	-4.665781002
1921.25	-4.115040819
1921.333333	-4.600038916
1921.416667	-4.532101641
1921.5	-5.648880931
1921.583333	-5.258099272
1921.666667	-4.990240906
1921.75	-3.669867358
1921.833333	-2.399613572
1921.916667	-0.924953401
1922	1.183006265
1922.083333	2.926898707
1922.166667	4.373386679
1922.25	4.999400579
1922.333333	5.45630249
1922.416667	6.701084753
1922.5	7.757542481
1922.583333	8.405220539
1922.666667	7.589752081
1922.75	6.311516334
1922.833333	5.024362942
1922.916667	4.044282086
1923	3.392232157
1923.083333	2.313722396
1923.166667	1.019719379
1923.25	-0.644026925
1923.333333	-1.427669042
1923.416667	-1.775789363
1923.5	-1.354809256
1923.583333	-0.867228057
1923.666667	-1.106163919
1923.75	-1.536589168
1923.833333	-2.502535969
1923.916667	-1.95348072
1924	-1.562135964
1924.083333	-0.375576832
1924.166667	-0.081304091
1924.25	0.743248051
1924.333333	0.86844847
1924.416667	1.080100125
1924.5	1.054141308
1924.583333	0.477389088
1924.666667	-0.460213322
1924.75	-1.225845913
1924.833333	-0.787523961
1924.916667	-0.459580233
1925	-0.396040612
1925.083333	-1.330690542
1925.166667	-1.481836652
1925.25	-1.83360528
1925.333333	-1.863640722
1925.416667	-2.499072967
1925.5	-3.058496978
1925.583333	-2.881186161
1925.666667	-1.915483678
1925.75	-0.822484363
1925.833333	-0.155972707
1925.916667	0.270614162
1926	0.358173869
1926.083333	0.475639108
1926.166667	0.388889007
1926.25	0.48563195
1926.333333	0.030899054
1926.416667	0.188646398
1926.5	0.158326024
1926.583333	1.000971231
1926.666667	1.160923619
1926.75	1.779090173
1926.833333	1.444103458
1926.916667	1.604740694
1927	2.09141406
1927.083333	3.093898243
1927.166667	4.419565039
1927.25	4.902706184
1927.333333	6.215083241
1927.416667	6.463268054
1927.5	7.006546425
1927.583333	6.598554417
1927.666667	5.716625573
1927.75	4.377206753
1927.833333	2.757900453
1927.916667	1.857822464
1928	1.363058525
1928.083333	1.24994837
1928.166667	0.360269873
1928.25	-0.266412228
1928.333333	-1.135892606
1928.416667	-1.215843117
1928.5	-1.42688447
1928.583333	-0.647837852
1928.666667	0.597872328
1928.75	1.656268459
1928.833333	2.03292011
1928.916667	1.989004473
1929	1.746473542
1929.083333	1.589641148
1929.166667	1.219685749
1929.25	0.924832895
1929.333333	0.651498276
1929.416667	-0.167778754
1929.5	-0.393997826
1929.583333	-0.8377259
1929.666667	-0.693247618
1929.75	-0.583921185
1929.833333	-0.905775322
1929.916667	-1.611469736
1930	-2.510851419
1930.083333	-3.293184265
1930.166667	-3.511955981
1930.25	-4.437039714
1930.333333	-4.919298619
1930.416667	-5.53957442
1930.5	-5.061727807
1930.583333	-4.485329015
1930.666667	-3.894800388
1930.75	-3.253926975
1930.833333	-2.763941606
1930.916667	-1.724303302
1931	-1.153321032
1931.083333	-0.368956002
1931.166667	-0.868819485
1931.25	-1.193948844
1931.333333	-1.611238036
1931.416667	-1.118869432
1931.5	-1.33984692
1931.583333	-1.348288128
1931.666667	-1.654081399
1931.75	-1.283459571
1931.833333	-1.469672742
1931.916667	-1.355931272
1932	-2.035107866
1932.083333	-1.613234495
1932.166667	-1.317254733
1932.25	0.044097451
1932.333333	0.774971006
1932.416667	1.117819829
1932.5	1.877914071
1932.583333	1.94793937
1932.666667	1.608474215
1932.75	0.76067508
1932.833333	-0.079040849
1932.916667	-0.282796965
1933	-1.012864175
1933.083333	-1.164098734
1933.166667	-0.732409088
1933.25	0.471575679
1933.333333	0.816918287
1933.416667	1.577056138
1933.5	0.241313295
1933.583333	0.669614744
1933.666667	0.06666946
1933.75	0.953208584
1933.833333	0.081806375
1933.916667	-0.486742176
1934	-0.557124254
1934.083333	-0.312212394
1934.166667	0.409456508
1934.25	0.050135021
1934.333333	0.312906683
1934.416667	-0.145713732
1934.5	-0.470484241
1934.583333	-0.284965552
1934.666667	-0.44170468
1934.75	-0.350786251
1934.833333	-1.767216968
1934.916667	-3.431636959
1935	-5.02133717
1935.083333	-5.448661654
1935.166667	-4.276275625
1935.25	-3.807467446
1935.333333	-3.825164255
1935.416667	-4.911403236
1935.5	-5.042996863
1935.583333	-5.174341406
1935.666667	-4.811838556
1935.75	-3.629344275
1935.833333	-2.277350696
1935.916667	-0.836519265
1936	0.025635556
1936.083333	0.980783986
1936.166667	2.242616347
1936.25	1.883404395
1936.333333	2.172519026
1936.416667	1.358829341
1936.5	3.232211601
1936.583333	4.770638614
1936.666667	6.577257379
1936.75	6.406882101
1936.833333	5.307964947
1936.916667	4.762687378
1937	4.284745191
1937.083333	5.145923649
1937.166667	4.484325897
1937.25	4.686604923
1937.333333	4.39277755
1937.416667	6.459957299
1937.5	7.816607462
1937.583333	8.681127448
1937.666667	8.02170762
1937.75	7.522308114
1937.833333	7.323568567
1937.916667	7.093157073
1938	6.674345905
1938.083333	6.128054487
1938.166667	5.542907551
1938.25	5.738525401
1938.333333	6.119870687
1938.416667	6.905673721
1938.5	6.224469572
1938.583333	4.941561723
1938.666667	3.035845932
1938.75	2.265671187
1938.833333	0.889878614
1938.916667	-0.435510341
1939	-2.035599619
1939.083333	-3.415143218
1939.166667	-4.449213342
1939.25	-5.674469193
1939.333333	-6.375706198
1939.416667	-6.865479124
1939.5	-6.804682657
1939.583333	-6.496000661
1939.666667	-5.906080599
1939.75	-4.71666795
1939.833333	-3.07246213
1939.916667	-1.471704606
1940	-0.965081545
1940.083333	-0.855234063
1940.166667	-1.342538214
1940.25	-1.572635397
1940.333333	-1.584897291
1940.416667	-1.154942959
1940.5	-0.99210401
1940.583333	-0.452228793
1940.666667	-0.459491481
1940.75	0.379585801
1940.833333	0.679978574
1940.916667	1.247580512
1941	1.162802771
1941.083333	0.821590397
1941.166667	0.330723546
1941.25	-0.058915476
1941.333333	-0.734252407
1941.416667	-1.212459396
1941.5	-2.041783487
1941.583333	-2.42361375
1941.666667	-3.023367805
1941.75	-3.092068206
1941.833333	-2.914920159
1941.916667	-2.76503989
1942	-2.900184117
1942.083333	-3.620096373
1942.166667	-3.700227617
1942.25	-3.751000901
1942.333333	-2.828095446
1942.416667	-2.556867584
1942.5	-1.911343418
1942.583333	-1.583854518
1942.666667	-0.787531712
1942.75	-0.44432525
1942.833333	-0.281791693
1942.916667	0.478467101
1943	1.289905147
1943.083333	1.233436471
1943.166667	0.889755681
1943.25	0.685322227
1943.333333	0.85767354
1943.416667	0.9355688
1943.5	1.123155109
1943.583333	0.820958134
1943.666667	0.869829961
1943.75	0.44684229
1943.833333	0.032630122
1943.916667	-0.54961468
1944	-1.676384685
1944.083333	-1.831888381
1944.166667	-3.411916997
1944.25	-3.758912901
1944.333333	-4.08407907
1944.416667	-2.048280626
1944.5	-0.399380313
1944.583333	1.335344575
1944.666667	1.867278655
1944.75	1.838889405
1944.833333	1.641190886
1944.916667	0.986100212
1945	0.736097302
1945.083333	0.384038383
1945.166667	0.115244104
1945.25	-0.930809212
1945.333333	-1.185261741
1945.416667	-0.328730336
1945.5	0.038619482
1945.583333	0.405855188
1945.666667	-1.182391717
1945.75	-0.035677822
1945.833333	-0.011702191
1945.916667	0.161104882
1946	-0.793805762
1946.083333	-1.460487371
1946.166667	-1.743346877
1946.25	-2.508649724
1946.333333	-4.103026202
1946.416667	-5.589216354
1946.5	-6.694933188
1946.583333	-7.653163143
1946.666667	-7.417614271
1946.75	-7.10806132
1946.833333	-6.665402986
1946.916667	-6.526336171
1947	-6.632721128
1947.083333	-5.502377801
1947.166667	-5.615291648
1947.25	-5.702617093
1947.333333	-7.178208118
1947.416667	-7.422415775
1947.5	-7.151026828
1947.583333	-5.245866023
1947.666667	-3.566982158
1947.75	-1.648374834
1947.833333	-0.396733628
1947.916667	0.491517122
1948	1.908498401
1948.083333	3.435234512
1948.166667	4.761438245
1948.25	5.012887769
1948.333333	4.87321431
1948.416667	4.901250482
1948.5	4.148894699
1948.583333	3.175793422
1948.666667	1.720078941
1948.75	1.28829417
1948.833333	-0.118091291
1948.916667	-1.165393095
1949	-2.436242791
1949.083333	-2.231819057
1949.166667	-1.798067257
1949.25	-0.91697679
1949.333333	-0.578951369
1949.416667	-0.361635697
1949.5	0.317184378
1949.583333	1.143013872
1949.666667	2.274173997
1949.75	2.960839865
1949.833333	3.352579976
1949.916667	3.476757896
1950	2.864414081
1950.083333	2.472086611
1950.166667	2.823868313
1950.25	2.353333919
1950.333333	2.227037272
1950.416667	1.249058498
1950.5	1.413109394
1950.583333	1.257330906
1950.666667	0.784567116
1950.75	-0.401277275
1950.833333	-1.5657738
1950.916667	-2.671538794
1951	-3.680156434
1951.083333	-4.526663802
1951.166667	-4.709553285
1951.25	-4.561232984
1951.333333	-4.529932224
1951.416667	-4.600553687
1951.5	-4.241443981
1951.583333	-4.087852253
1951.666667	-3.885638884
1951.75	-4.431200793
1951.833333	-5.324696563
1951.916667	-6.387253147
1952	-7.298276654
1952.083333	-6.929752692
1952.166667	-7.148970516
1952.25	-7.386466025
1952.333333	-8.615288604
1952.416667	-8.780619572
1952.5	-8.353637226
1952.583333	-7.065408155
1952.666667	-6.173573604
1952.75	-5.444798742
1952.833333	-4.96821027
1952.916667	-4.810274047
1953	-4.878903806
1953.083333	-5.03054006
1953.166667	-4.912019266
1953.25	-4.670863484
1953.333333	-4.730871232
1953.416667	-4.184780097
1953.5	-3.407021071
1953.583333	-1.919926176
1953.666667	-0.50336565
1953.75	1.020659596
1953.833333	2.073025401
1953.916667	2.620414849
1954	3.105915401
1954.083333	3.764872729
1954.166667	4.051849936
1954.25	4.132452555
1954.333333	4.840487866
1954.416667	5.906494602
1954.5	7.299655778
1954.583333	7.183308616
1954.666667	6.398510202
1954.75	4.100635355
1954.833333	2.477512854
1954.916667	1.187980207
1955	0.608188239
1955.083333	0.325481924
1955.166667	-0.185220974
1955.25	0.12322504
1955.333333	0.421262509
1955.416667	1.835276598
1955.5	2.608197882
1955.583333	2.980646217
1955.666667	1.954069439
1955.75	1.321569079
1955.833333	0.56085169
1955.916667	0.327450753
1956	-0.200875096
1956.083333	-0.821028246
1956.166667	-1.622719589
1956.25	-1.696789322
1956.333333	-1.772580369
1956.416667	-1.017898261
1956.5	-0.770763953
1956.583333	-0.688495189
1956.666667	-0.92145232
1956.75	-1.07736441
1956.833333	-0.622771923
1956.916667	-0.556818975
1957	-1.047935142
1957.083333	-1.229838932
1957.166667	-1.053271611
1957.25	-0.655791816
1957.333333	-1.030984971
1957.416667	-0.929206567
1957.5	-0.397854152
1957.583333	0.530208989
1957.666667	0.863478818
1957.75	0.716673216
1957.833333	0.432985579
1957.916667	0.449067001
1958	-0.054425583
1958.083333	-0.299318714
1958.166667	-1.24789849
1958.25	-2.055296725
1958.333333	-2.757945696
1958.416667	-2.939879359
1958.5	-2.22127761
1958.583333	-1.261321509
1958.666667	-0.998544671
1958.75	-1.209903602
1958.833333	-2.116796571
1958.916667	-1.928302347
1959	-1.788476546
1959.083333	-1.398493178
1959.166667	-2.085759673
1959.25	-2.243966751
1959.333333	-2.607069661
1959.416667	-2.325627869
1959.5	-2.343855075
1959.583333	-2.104409387
1959.666667	-1.683108593
1959.75	-1.059270078
1959.833333	-0.27484076
1959.916667	0.602154463
1960	1.929505382
1960.083333	3.44561598
1960.166667	4.510395994
1960.25	5.244241317
1960.333333	5.196475171
1960.416667	5.588320001
1960.5	4.741214989
1960.583333	3.630838396
1960.666667	1.182371595
1960.75	-0.931540813
1960.833333	-2.698615369
1960.916667	-3.77871345
1961	-4.254070507
1961.083333	-4.79000518
1961.166667	-5.020405148
1961.25	-5.123894372
1961.333333	-4.756863055
1961.416667	-4.265064329
1961.5	-3.487343116
1961.583333	-2.510357058
1961.666667	-1.483728532
1961.75	-0.367474038
1961.833333	0.966454696
1961.916667	2.761259465
1962	4.473482418
1962.083333	5.99122872
1962.166667	7.080542389
1962.25	7.788374403
1962.333333	8.032352892
1962.416667	7.779665958
1962.5	7.265914751
1962.583333	6.186889269
1962.666667	5.539619366
1962.75	4.343839188
1962.833333	2.881933997
1962.916667	1.421997034
1963	0.716475244
1963.083333	0.503734354
1963.166667	0.367001531
1963.25	0.167399595
1963.333333	-0.466837928
1963.416667	-1.371814155
1963.5	-2.956982743
1963.583333	-3.320455884
1963.666667	-3.132759913
1963.75	-2.297835686
1963.833333	-1.565337042
1963.916667	-1.188242983
1964	-0.808366566
1964.083333	-0.975133688
1964.166667	-1.442083793
1964.25	-1.458086897
1964.333333	-1.348021033
1964.416667	-1.328237046
1964.5	-2.166480935
1964.583333	-2.869645715
1964.666667	-3.273966862
1964.75	-3.122231228
1964.833333	-3.081364153
1964.916667	-1.903426671
1965	-0.553321314
1965.083333	1.07786826
1965.166667	1.311136032
1965.25	1.507010824
1965.333333	2.312663583
1965.416667	3.41597991
1965.5	4.48470556
1965.583333	4.839364398
1965.666667	4.556638355
1965.75	3.615614014
1965.833333	2.653294149
1965.916667	2.175607335
1966	1.983748228
1966.083333	2.399648983
1966.166667	2.819820038
1966.25	3.391376784
1966.333333	3.481115693
1966.416667	3.816754652
1966.5	3.989340988
1966.583333	3.513239763
1966.666667	2.484064315
1966.75	1.365194285
1966.833333	0.531264479
1966.916667	-0.307405228
1967	-1.99960772
1967.083333	-3.819130739
1967.166667	-5.196962366
1967.25	-5.454649087
1967.333333	-5.515236121
1967.416667	-5.992998037
1967.5	-6.977467462
1967.583333	-7.846439478
1967.666667	-8.079405376
1967.75	-7.056882348
1967.833333	-5.544091831
1967.916667	-4.278279783
1968	-3.931331212
1968.083333	-4.360061038
1968.166667	-4.759050718
1968.25	-4.897030461
1968.333333	-4.61967534
1968.416667	-4.483693019
1968.5	-4.042993386
1968.583333	-3.062757361
1968.666667	-1.382868186
1968.75	0.695119056
1968.833333	2.475551255
1968.916667	3.922295202
1969	4.878005822
1969.083333	6.053846768
1969.166667	6.790148763
1969.25	7.980775559
1969.333333	8.566646085
1969.416667	10.05351954
1969.5	9.537511113
1969.583333	8.228334044
1969.666667	5.142165257
1969.75	2.230138086
1969.833333	-0.642744293
1969.916667	-2.993058457
1970	-4.755710144
1970.083333	-5.87799538
1970.166667	-7.022831931
1970.25	-8.074932351
1970.333333	-10.03763522
1970.416667	-11.37860224
1970.5	-12.26621026
1970.583333	-11.07906951
1970.666667	-9.589044332
1970.75	-7.225787195
1970.833333	-5.637627649
1970.916667	-4.22451014
1971	-3.95747917
1971.083333	-3.489260778
1971.166667	-3.13930153
1971.25	-3.028449575
1971.333333	-3.388841378
1971.416667	-3.700428789
1971.5	-3.08737347
1971.583333	-2.752251627
1971.666667	-2.898876549
1971.75	-3.568823161
1971.833333	-4.61513213
1971.916667	-5.838606022
1972	-7.27836119
1972.083333	-7.928216648
1972.166667	-8.276692398
1972.25	-8.452939767
1972.333333	-8.677373275
1972.416667	-8.940819509
1972.5	-9.261320267
1972.583333	-8.377400417
1972.666667	-6.39371997
1972.75	-3.652008133
1972.833333	-2.083575979
1972.916667	-0.406581003
1973	1.011554684
1973.083333	2.256453114
1973.166667	2.573148567
1973.25	2.676063487
1973.333333	3.006331135
1973.416667	3.002000351
1973.5	3.234066462
1973.583333	2.920859235
1973.666667	3.103060741
1973.75	2.016164945
1973.833333	1.7563595
1973.916667	2.001502469
1974	3.116466827
1974.083333	3.541315971
1974.166667	3.636381489
1974.25	4.3687855
1974.333333	5.417609932
1974.416667	6.554625797
1974.5	6.490927216
1974.583333	6.051135223
1974.666667	3.742561564
1974.75	1.070660867
1974.833333	-1.723261875
1974.916667	-2.764926925
1975	-2.882689735
1975.083333	-2.534657164
1975.166667	-2.360702401
1975.25	-1.796649401
1975.333333	-1.038596057
1975.416667	-0.200594124
1975.5	0.241854835
1975.583333	0.49236091
1975.666667	0.677016111
1975.75	0.766252152
1975.833333	0.12231002
1975.916667	-0.313567647
1976	-1.012730765
1976.083333	-0.115971647
1976.166667	0.80448991
1976.25	2.062232791
1976.333333	2.332095384
1976.416667	2.611761601
1976.5	2.640196144
1976.583333	2.664795323
1976.666667	2.068713728
1976.75	1.789768959
1976.833333	1.396277917
1976.916667	1.575798698
1977	1.249584549
1977.083333	0.770446737
1977.166667	0.187601363
1977.25	-0.028278433
1977.333333	0.277350543
1977.416667	0.710502104
1977.5	0.462792623
1977.583333	0.222810264
1977.666667	0.067203974
1977.75	-0.132239224
1977.833333	-0.666181199
1977.916667	-1.623982696
1978	-2.064255281
1978.083333	-1.733660607
1978.166667	-1.207712667
1978.25	-0.325635399
1978.333333	-0.678148658
1978.416667	-0.703121565
1978.5	-0.915904807
1978.583333	-0.390320688
1978.666667	-0.13810439
1978.75	0.880039025
1978.833333	2.635162418
1978.916667	4.824418408
1979	6.049877451
1979.083333	6.866773804
1979.166667	7.738671874
1979.25	9.849866572
1979.333333	11.97389599
1979.416667	13.98261501
1979.5	15.32560499
1979.583333	15.40116047
1979.666667	13.28903447
1979.75	9.616511386
1979.833333	6.720400045
1979.916667	4.845368082
1980	3.044161885
1980.083333	1.013777339
1980.166667	-1.005945678
1980.25	-2.324638367
1980.333333	-3.440371287
1980.416667	-3.98609128
1980.5	-3.729839507
1980.583333	-3.068928024
1980.666667	-2.214031365
1980.75	-1.815569576
1980.833333	-1.810159375
1980.916667	-2.413028777
1981	-2.344310773
1981.083333	-2.128106776
1981.166667	-1.435094422
1981.25	-1.919172098
1981.333333	-2.977004818
1981.416667	-4.799756355
1981.5	-5.105232339
1981.583333	-5.334925325
1981.666667	-4.865612148
1981.75	-5.044543598
1981.833333	-4.397782354
1981.916667	-3.581995196
1982	-2.910463984
1982.083333	-2.487945728
1982.166667	-2.231249994
1982.25	-2.0995263
1982.333333	-2.158348763
1982.416667	-2.001722814
1982.5	-2.251503731
1982.583333	-2.078129591
1982.666667	-2.125374391
1982.75	-1.759452932
1982.833333	-1.884581822
1982.916667	-1.520594177
1983	-0.507515085
1983.083333	0.662738866
1983.166667	1.932455875
1983.25	3.304982928
1983.333333	5.036188851
1983.416667	6.136618856
1983.5	6.906183747
1983.583333	7.404517082
1983.666667	8.033054141
1983.75	7.669188833
1983.833333	7.140984794
1983.916667	6.920098672
1984	7.444319222
1984.083333	7.953642206
1984.166667	7.848988645
1984.25	7.285196885
1984.333333	6.619253379
1984.416667	5.923253377
1984.5	4.930286371
1984.583333	3.536140525
1984.666667	2.028880274
1984.75	0.270115911
1984.833333	-1.927993016
1984.916667	-4.40928001
1985	-6.566347548
1985.083333	-7.748456188
1985.166667	-8.29169347
1985.25	-9.151948637
1985.333333	-10.15819848
1985.416667	-10.72920746
1985.5	-10.24691198
1985.583333	-8.870676048
1985.666667	-7.963764459
1985.75	-6.871544984
1985.833333	-5.962316703
1985.916667	-4.477702271
1986	-3.154535333
1986.083333	-2.522482972
1986.166667	-2.274158001
1986.25	-1.972983846
1986.333333	-1.232955881
1986.416667	0.010001469
1986.5	1.243410185
1986.583333	2.589697558
1986.666667	2.340571589
1986.75	1.756198884
1986.833333	0.719289102
1986.916667	0.47974122
1987	0.714360758
1987.083333	1.062807761
1987.166667	1.448898755
1987.25	1.382245643
1987.333333	1.071532378
1987.416667	1.064356834
1987.5	1.603181887
1987.583333	2.266082403
1987.666667	2.679635639
1987.75	2.62063227
1987.833333	2.788117923
1987.916667	3.166969049
1988	3.702159858
1988.083333	3.94713636
1988.166667	3.725523819
1988.25	4.353511622
1988.333333	5.800840097
1988.416667	8.259761927
1988.5	9.91588786
1988.583333	10.44857104
1988.666667	9.852117507
1988.75	8.552193983
1988.833333	7.375456158
1988.916667	5.605198153
1989	3.793959891
1989.083333	1.736057485
1989.166667	0.830700074
1989.25	0.366359876
1989.333333	0.593318444
1989.416667	0.912130545
1989.5	1.839138898
1989.583333	2.894758417
1989.666667	3.757168519
1989.75	4.73124271
1989.833333	5.273569348
1989.916667	5.531460944
1990	4.677542176
1990.083333	3.800718956
1990.166667	2.999744801
1990.25	2.648057475
1990.333333	2.112830439
1990.416667	1.574782523
1990.5	1.182690328
1990.583333	1.096692925
1990.666667	1.487182498
1990.75	1.793645493
1990.833333	2.259956689
1990.916667	2.743151857
1991	3.247574089
1991.083333	4.080044737
1991.166667	4.204930868
1991.25	4.967334113
1991.333333	5.43130603
1991.416667	6.341588131
1991.5	6.083002544
1991.583333	5.376812744
1991.666667	4.059879874
1991.75	3.070073659
1991.833333	1.824271354
1991.916667	1.081241461
1992	0.340760333
1992.083333	-0.3543331
1992.166667	-1.306187059
1992.25	-2.128244466
1992.333333	-2.721830413
1992.416667	-2.958357348
1992.5	-3.27454544
1992.583333	-3.278639445
1992.666667	-3.077063532
1992.75	-2.586766212
1992.833333	-2.209777829
1992.916667	-1.846195528
1993	-1.7064657
1993.083333	-1.730519463
1993.166667	-1.995719967
1993.25	-2.142260084
1993.333333	-1.999424877
1993.416667	-2.377571827
1993.5	-2.398367593
1993.583333	-1.983237152
1993.666667	-0.214285145
1993.75	1.863381479
1993.833333	4.142122467
1993.916667	6.058300395
1994	7.823394146
1994.083333	9.539494471
1994.166667	10.90709805
1994.25	11.84853428
1994.333333	12.44393415
1994.416667	12.93997284
1994.5	13.83328631
1994.583333	13.7790516
1994.666667	12.35283656
1994.75	8.867686099
1994.833333	5.187307178
1994.916667	1.222377001
1995	-1.766553074
1995.083333	-4.060438522
1995.166667	-4.815237086
1995.25	-5.61577399
1995.333333	-6.474444041
1995.416667	-7.55176161
1995.5	-7.979847439
1995.583333	-7.919561481
1995.666667	-6.748092659
1995.75	-5.267961186
1995.833333	-3.974196075
1995.916667	-3.593677512
1996	-3.459996231
1996.083333	-3.70482649
1996.166667	-3.908357016
1996.25	-4.774219447
1996.333333	-5.814764872
1996.416667	-7.015776474
1996.5	-7.901942998
1996.583333	-8.115053878
1996.666667	-7.526799332
1996.75	-5.819373487
1996.833333	-4.056084401
1996.916667	-2.886163853
1997	-2.64526337
1997.083333	-2.681915433
1997.166667	-3.065221344
1997.25	-3.710209238
1997.333333	-4.528570343
1997.416667	-5.188504696
1997.5	-5.325807237
1997.583333	-4.854272564
1997.666667	-3.457610506
1997.75	-1.995220309
1997.833333	-0.882159435
1997.916667	-0.260519439
1998	0.20140396
1998.083333	0.397850652
1998.166667	-0.215064567
1998.25	-0.727242736
1998.333333	-1.115419149
1998.416667	-1.172877663
1998.5	-1.017651141
1998.583333	-0.532029199
1998.666667	0.687322988
1998.75	1.430301989
1998.833333	2.104887132
1998.916667	2.966730587
1999	3.7241306
1999.083333	4.365791554
1999.166667	4.348202208
1999.25	5.060807533
1999.333333	6.017305988
1999.416667	6.986154084
1999.5	6.662216243
1999.583333	5.570384587
1999.666667	4.161096818
1999.75	2.758081383
1999.833333	1.011296247
1999.916667	-0.046092981
2000	-0.134331583
2000.083333	0.457392854
2000.166667	0.799824906
2000.25	1.055447244
2000.333333	1.588822779
2000.416667	1.608921853
2000.5	1.575835378
2000.583333	1.154846586
2000.666667	0.740763481
2000.75	0.712191725
2000.833333	0.844451236
2000.916667	1.687087699
2001	2.183362992
2001.083333	2.979292395
2001.166667	3.422254424
2001.25	3.812058458
2001.333333	3.706859826
2001.416667	4.23976685
2001.5	4.370924927
2001.583333	4.612637999
2001.666667	3.747122266
2001.75	3.065863261
2001.833333	2.346193722
2001.916667	1.897337309
2002	1.186048193
2002.083333	0.404733237
2002.166667	-0.382373645
2002.25	-0.810815327
2002.333333	-1.505519155
2002.416667	-2.388930299
2002.5	-3.902656512
2002.583333	-4.418661827
2002.666667	-4.501579027
2002.75	-2.966183518
2002.833333	-1.248396775
2002.916667	0.837662454
2003	1.861820096
2003.083333	2.82493661
2003.166667	3.448901219
2003.25	4.302147583
2003.333333	4.662540998
2003.416667	5.154266505
2003.5	4.728371564
2003.583333	3.479341608
2003.666667	1.648416825
2003.75	0.438867664
2003.833333	-0.357457092
2003.916667	-0.543125772
2004	-0.850774472
2004.083333	-1.39144382
2004.166667	-3.01362736
2004.25	-5.128612526
2004.333333	-7.184508294
2004.416667	-8.727545234
2004.5	-9.57066468
2004.583333	-9.562837935
2004.666667	-7.937156915
2004.75	-5.768487306
2004.833333	-3.582149742
2004.916667	-2.584598371
2005	-1.741536259
2005.083333	-1.474435058
2005.166667	-1.804249417
2005.25	-2.529870817
2005.333333	-3.192167245
2005.416667	-4.160707462
2005.5	-4.893698782
2005.583333	-5.054770084
2005.666667	-4.064070693
2005.75	-2.619956768
2005.833333	-0.964367925
2005.916667	0.839102352
2006	2.144069022
2006.083333	2.939590365
2006.166667	3.333180594
2006.25	4.239013374
2006.333333	5.62056322
2006.416667	7.571427431
2006.5	8.45395507
2006.583333	8.024149636
2006.666667	6.279094994
2006.75	4.02362771
2006.833333	1.340496554
2006.916667	-1.435429325
2007	-4.105639108
2007.083333	-6.298674559
2007.166667	-8.017992681
2007.25	-9.167522453
2007.333333	-9.680244251
2007.416667	-10.27642629
2007.5	-10.52199451
2007.583333	-10.07289209
2007.666667	-8.409762544
2007.75	-6.063641918
2007.833333	-3.955485589
2007.916667	-2.312332445
2008	-1.62975379
2008.083333	-1.98580228
2008.166667	-3.079781231
2008.25	-4.555989651
2008.333333	-5.755297376
2008.416667	-6.403890479
2008.5	-5.900717705
2008.583333	-4.362691664
2008.666667	-2.824707612
2008.75	-1.351913491
2008.833333	-0.578797875
2008.916667	0.531775182
2009	1.330939091
2009.083333	2.345041789
2009.166667	2.355150208
2009.25	2.035372714
2009.333333	1.618695857
2009.416667	1.160939891
2009.5	0.11981488
2009.583333	-1.059302544
2009.666667	-1.622391185
2009.75	-1.399898802
2009.833333	-1.604999795
2009.916667	-1.851609018
2010	-1.99071748
2010.083333	-1.577268055
2010.166667	-1.159696617
2010.25	-1.036204155
2010.333333	-1.082640776
2010.416667	-1.131949401
2010.5	-1.253523766
2010.583333	-1.22792447
2010.666667	-0.793516273
2010.75	0.011248819
2010.833333	1.133232321
2010.916667	2.088118034
2011	2.501335899
2011.083333	2.564758024
2011.166667	2.570217694
2011.25	3.035216336
2011.333333	3.961005629
2011.416667	4.317306364
2011.5	4.465729765
2011.583333	3.946385535
2011.666667	3.796392274
2011.75	4.236895611
2011.833333	5.200691256
2011.916667	6.568515748
2012	7.991008285
2012.083333	9.567232035
2012.166667	10.61522363
2012.25	11.14680555
2012.333333	11.68213127
2012.416667	12.5990348
2012.5	13.5829755
2012.583333	13.13481841
2012.666667	11.16084208
2012.75	8.124236279
2012.833333	4.786673399
2012.916667	2.097795057
2013	-0.229262739
2013.083333	-1.608208854
2013.166667	-2.30832784
2013.25	-2.603772394
2013.333333	-2.610005363
2013.416667	-2.525463464
2013.5	-2.015375281
2013.583333	-1.024041428
2013.666667	-0.42588012
2013.75	0.621435157
2013.833333	1.058429907
2013.916667	1.540764048
2014	1.073435415
2014.083333	0.032746767
2014.166667	-1.499527347
