1950.452152	0.278970572
1950.535486	0.492080907
1950.618819	0.322290439
1950.702152	0.193761282
1950.785486	0.009562136
1950.868819	-0.041552934
1950.952152	-0.57955644
1951.035486	-0.540606
1951.118819	-0.31445578
1951.202152	0.343815566
1951.285486	0.033943532
1951.368819	-0.567435334
1951.452152	-0.75694564
1951.535486	-0.055111224
1951.618819	-0.003671988
1951.702152	-0.272185452
1951.785486	-0.567186055
1951.868819	-0.799706819
1951.952152	-0.418854893
1952.035486	0.003711053
1952.118819	-0.098635581
1952.202152	-0.04570801
1952.285486	0.235925076
1952.368819	0.792372005
1952.452152	0.699446686
1952.535486	0.510875459
1952.618819	-0.513150052
1952.702152	-0.538059915
1952.785486	-0.370225546
1952.868819	-0.276010686
1952.952152	-0.517491278
1953.035486	-0.238672643
1953.118819	-0.303029059
1953.202152	-0.521241293
1953.285486	-0.795481103
1953.368819	-0.800244098
1953.452152	-0.405163497
1953.535486	-0.141889484
1953.618819	-0.11268085
1953.702152	-0.666445723
1953.785486	-0.884943916
1953.868819	-0.426026058
1953.952152	0.366728453
1954.035486	0.266095996
1954.118819	-0.274787079
1954.202152	0.050646118
1954.285486	0.744551431
1954.368819	0.664371367
1954.452152	0.228258469
1954.535486	0.23545375
1954.618819	0.155247147
1954.702152	0.289177235
1954.785486	0.268968611
1954.868819	0.28153045
1954.952152	-0.309131835
1955.035486	-0.891388823
1955.118819	-1.075424858
1955.202152	-0.55350121
1955.285486	0.233865445
1955.368819	0.546684218
1955.452152	-0.162353444
1955.535486	-0.878515002
1955.618819	-1.152587191
1955.702152	-0.669950957
1955.785486	-0.428053003
1955.868819	-0.593953087
1955.952152	-0.009523596
1956.035486	0.710677929
1956.118819	1.045258393
1956.202152	-0.002475292
1956.285486	-0.889625614
1956.368819	-0.90015889
1956.452152	-0.377118512
1956.535486	-0.378347702
1956.618819	-0.531179806
1956.702152	-0.670562127
1956.785486	0.228235048
1956.868819	0.60965984
1956.952152	0.462045184
1957.035486	-0.688323578
1957.118819	-0.699683189
1957.202152	-0.038853644
1957.285486	0.579812219
1957.368819	0.494359666
1957.452152	0.508500515
1957.535486	0.485912601
1957.618819	-0.029308711
1957.702152	-0.326926737
1957.785486	-0.412176588
1957.868819	-0.392787789
1957.952152	-0.883079319
1958.035486	-0.857876086
1958.118819	-1.074577154
1958.202152	-0.430327407
1958.285486	0.265752112
1958.368819	0.718336516
1958.452152	0.099049856
1958.535486	-0.50381114
1958.618819	-1.180161605
1958.702152	-0.989111414
1958.785486	-0.499381979
1958.868819	-0.406500008
1958.952152	-1.151267409
1959.035486	-1.575642366
1959.118819	-1.158124631
1959.202152	-0.437928781
1959.285486	0.541218728
1959.368819	0.495710384
1959.452152	-0.064199157
1959.535486	-0.350059566
1959.618819	-0.026975749
1959.702152	0.248450275
1959.785486	0.219289869
1959.868819	0.384220113
1959.952152	0.500160428
1960.035486	0.433933028
1960.118819	0.508390347
1960.202152	0.642166136
1960.285486	0.741512744
1960.368819	0.560091688
1960.452152	-0.093398143
1960.535486	-0.963768495
1960.618819	-1.292268327
1960.702152	-0.344291781
1960.785486	0.537706785
1960.868819	0.517171619
1960.952152	0.153676053
1961.035486	-0.345144502
1961.118819	-0.343176682
1961.202152	-0.778638418
1961.285486	-0.737333637
1961.368819	-0.695521374
1961.452152	-0.001301241
1961.535486	0.319320432
1961.618819	0.46857332
1961.702152	-0.116154574
1961.785486	-0.572305288
1961.868819	-0.339610424
1961.952152	0.12260206
1962.035486	0.368339271
1962.118819	0.624174238
1962.202152	0.918771584
1962.285486	0.381780987
1962.368819	-0.548851531
1962.452152	-0.593635915
1962.535486	-0.022108683
1962.618819	-0.348126872
1962.702152	-0.533735651
1962.785486	-0.35685715
1962.868819	0.299015249
1962.952152	-0.713864155
1963.035486	-0.906038493
1963.118819	-0.78130607
1963.202152	0.016325526
1963.285486	-0.013183069
1963.368819	-0.372526387
1963.452152	-1.242407366
1963.535486	-1.533263128
1963.618819	-1.140026177
1963.702152	-0.864652353
1963.785486	-0.015426549
1963.868819	0.343612566
1963.952152	0.227686735
1964.035486	-0.630708914
1964.118819	0.058660087
1964.202152	0.818469168
1964.285486	0.519542499
1964.368819	-0.817935118
1964.452152	-1.434937497
1964.535486	-1.380476898
1964.618819	-1.219262536
1964.702152	-0.794522962
1964.785486	-0.049716547
1964.868819	0.706487966
1964.952152	1.248790426
1965.035486	0.607969083
1965.118819	-0.094616199
1965.202152	-0.214922648
1965.285486	0.353959165
1965.368819	0.167852364
1965.452152	-0.099779644
1965.535486	-0.562429478
1965.618819	-1.117823774
1965.702152	-0.845549161
1965.785486	-0.341365142
1965.868819	0.049548825
1965.952152	0.031794185
1966.035486	0.350607578
1966.118819	0.387555592
1966.202152	0.396531426
1966.285486	-0.241524312
1966.368819	-0.141988497
1966.452152	-0.463071632
1966.535486	-0.720340946
1966.618819	-0.901512403
1966.702152	-0.410021297
1966.785486	-0.071069618
1966.868819	0.186752938
1966.952152	0.584839371
1967.035486	-0.096286452
1967.118819	-0.751792606
1967.202152	-0.904541009
1967.285486	-0.418373497
1967.368819	0.002460856
1967.452152	0.008559699
1967.535486	-0.089592678
1967.618819	0.273023777
1967.702152	0.718969828
1967.785486	0.215895358
1967.868819	0.078391905
1967.952152	0.397766693
1968.035486	1.013127567
1968.118819	0.982801883
1968.202152	0.819030158
1968.285486	0.483327029
1968.368819	0.125927892
1968.452152	0.034298923
1968.535486	-0.470953755
1968.618819	-0.36043351
1968.702152	-0.545198012
1968.785486	-0.851461608
1968.868819	-0.926508973
1968.952152	-0.626563587
1969.035486	-0.425622649
1969.118819	-1.083191881
1969.202152	-1.66511557
1969.285486	-1.772955531
1969.368819	-1.474940293
1969.452152	-1.089102108
1969.535486	-1.215756145
1969.618819	-1.341540057
1969.702152	-0.620085361
1969.785486	0.325181535
1969.868819	0.837864426
1969.952152	0.556064578
1970.035486	-0.048397127
1970.118819	0.210718871
1970.202152	0.608485255
1970.285486	0.582941497
1970.368819	-0.277946839
1970.452152	-0.8496819
1970.535486	-0.492728355
1970.618819	-0.473768122
1970.702152	-0.593115083
1970.785486	-0.460250195
1970.868819	0.547600168
1970.952152	0.989885044
1971.035486	0.525921855
1971.118819	0.042386512
1971.202152	-0.285869522
1971.285486	-0.579163213
1971.368819	-0.875933877
1971.452152	-1.002530452
1971.535486	-0.735138176
1971.618819	-0.489909911
1971.702152	-0.340824323
1971.785486	-0.191854153
1971.868819	-0.345050802
1971.952152	-0.413115557
1972.035486	0.105561865
1972.118819	0.813456131
1972.202152	0.788350972
1972.285486	0.287671022
1972.368819	0.27169969
1972.452152	0.2649431
1972.535486	0.382095384
1972.618819	0.426604592
1972.702152	0.317469166
1972.785486	0.41089265
1972.868819	0.585099102
1972.952152	0.688301527
1973.035486	0.731298373
1973.118819	0.548487709
1973.202152	0.669891411
1973.285486	0.56779967
1973.368819	0.595426457
1973.452152	0.247324391
1973.535486	0.329676276
1973.618819	0.445295354
1973.702152	0.206844305
1973.785486	-0.262936175
1973.868819	-0.217693949
1973.952152	0.200777654
1974.035486	0.326092746
1974.118819	0.052280771
1974.202152	-0.514537739
1974.285486	-0.869884189
1974.368819	-0.642023052
1974.452152	0.262119447
1974.535486	0.591607259
1974.618819	0.328089209
1974.702152	0.101432283
1974.785486	0.123959165
1974.868819	0.010627296
1974.952152	-0.357375828
1975.035486	-0.541494224
1975.118819	-0.232534537
1975.202152	0.291075221
1975.285486	0.274608191
1975.368819	0.381138307
1975.452152	0.621801439
1975.535486	0.486365415
1975.618819	-0.264480659
1975.702152	-0.913133986
1975.785486	-0.981710989
1975.868819	-0.93427159
1975.952152	-0.021286424
1976.035486	0.29911901
1976.118819	0.823544537
1976.202152	0.388613984
1976.285486	0.36491978
1976.368819	0.006623908
1976.452152	0.044625856
1976.535486	0.181244884
1976.618819	0.528806533
1976.702152	0.654290906
1976.785486	0.616192431
1976.868819	0.705865931
1976.952152	0.507381925
1977.035486	0.688220612
1977.118819	0.288659456
1977.202152	0.019809814
1977.285486	-0.359617224
1977.368819	-0.440149925
1977.452152	-0.910273423
1977.535486	-1.037718073
1977.618819	-0.748589808
1977.702152	-0.273289284
1977.785486	-0.23673486
1977.868819	-0.328517416
1977.952152	-0.618796905
1978.035486	-0.433699795
1978.118819	-0.132836892
1978.202152	0.224553846
1978.285486	0.297034078
1978.368819	-0.178696726
1978.452152	-0.223462589
1978.535486	-0.694841693
1978.618819	-0.480542099
1978.702152	-0.718881721
1978.785486	0.061557309
1978.868819	0.510055441
1978.952152	0.527741453
1979.035486	0.139970221
1979.118819	0.062563006
1979.202152	0.958619515
1979.285486	1.83478742
1979.368819	1.316064328
1979.452152	-0.158248752
1979.535486	-1.220517943
1979.618819	-0.43887296
1979.702152	-0.400961772
1979.785486	-0.772393726
1979.868819	-0.432250702
1979.952152	0.593979637
1980.035486	1.095598947
1980.118819	0.936975347
1980.202152	0.598083204
1980.285486	0.336478338
1980.368819	0.42871403
1980.452152	0.331292027
1980.535486	0.006626724
1980.618819	-0.294153766
1980.702152	0.280912328
1980.785486	-0.025991319
1980.868819	-0.337818965
1980.952152	-0.717086752
1981.035486	-0.957189605
1981.118819	-0.826030878
1981.202152	-0.928689895
1981.285486	-0.631693283
1981.368819	-0.43252168
1981.452152	0.317876066
1981.535486	0.657208962
1981.618819	0.118630492
1981.702152	-0.100205498
1981.785486	-0.143812398
1981.868819	0.0498995
1981.952152	-0.107455072
1982.035486	0.006228215
1982.118819	-0.267812475
1982.202152	-0.879196964
1982.285486	-1.085241905
1982.368819	-0.555764637
1982.452152	-0.389555243
1982.535486	-0.015859967
1982.618819	0.550772011
1982.702152	0.831609673
1982.785486	0.217391975
1982.868819	-0.678496068
1982.952152	-0.463910575
1983.035486	0.063531289
1983.118819	0.976271221
1983.202152	0.561318978
1983.285486	0.703903611
1983.368819	0.967231446
1983.452152	1.669513454
1983.535486	1.002965219
1983.618819	0.541505872
1983.702152	-0.03054602
1983.785486	-0.084750893
1983.868819	0.022306031
1983.952152	0.739282213
1984.035486	1.258608289
1984.118819	0.658814683
1984.202152	0.218623167
1984.285486	-0.364181481
1984.368819	-0.116104406
1984.452152	0.332374772
1984.535486	0.972542132
1984.618819	0.665595376
1984.702152	-0.022533661
1984.785486	-0.057788845
1984.868819	0.00803412
1984.952152	-0.031880249
1985.035486	0.197130513
1985.118819	0.494473858
1985.202152	0.385089495
1985.285486	0.003529699
1985.368819	-0.044743659
1985.452152	-0.505822853
1985.535486	-0.797463523
1985.618819	-0.609759987
1985.702152	0.033707411
1985.785486	0.0391359
1985.868819	-0.346072193
1985.952152	-0.096418502
1986.035486	0.111157695
1986.118819	0.007227503
1986.202152	-0.077665419
1986.285486	0.006820976
1986.368819	0.061044266
1986.452152	0.228445808
1986.535486	0.208759161
1986.618819	0.441540006
1986.702152	0.21654031
1986.785486	0.522249775
1986.868819	0.539210223
1986.952152	0.777764721
1987.035486	0.076206184
1987.118819	-0.743672422
1987.202152	-0.301566708
1987.285486	0.990105681
1987.368819	1.678435437
1987.452152	0.722951165
1987.535486	-0.394041959
1987.618819	-0.589561341
1987.702152	0.448452608
1987.785486	1.144351608
1987.868819	0.430573124
1987.952152	-0.287974626
1988.035486	-0.576708744
1988.118819	-0.55171133
1988.202152	-0.693050428
1988.285486	-0.247356171
1988.368819	0.210702475
1988.452152	0.491136728
1988.535486	0.735543043
1988.618819	0.554369334
1988.702152	-0.200051417
1988.785486	-0.330448801
1988.868819	0.177076642
1988.952152	0.433593672
1989.035486	0.129558493
1989.118819	-0.386884041
1989.202152	-0.714739213
1989.285486	-0.829174098
1989.368819	-0.269299578
1989.452152	0.500755924
1989.535486	1.257186015
1989.618819	1.710712123
1989.702152	1.417991536
1989.785486	1.074722331
1989.868819	0.556559212
1989.952152	0.590673512
1990.035486	0.314663652
1990.118819	0.910576562
1990.202152	0.820055935
1990.285486	0.638591046
1990.368819	-0.293040286
1990.452152	-0.101130382
1990.535486	0.508905815
1990.618819	1.316477936
1990.702152	1.609056636
1990.785486	0.770982871
1990.868819	-0.035224974
1990.952152	-0.296770323
1991.035486	0.501864142
1991.118819	0.868045347
1991.202152	0.781883499
1991.285486	0.33128597
1991.368819	0.037542715
1991.452152	0.278946448
1991.535486	0.726588104
1991.618819	0.611123128
1991.702152	0.312818773
1991.785486	0.082389722
1991.868819	-0.13122076
1991.952152	-0.455569179
1992.035486	-0.065380262
1992.118819	0.497346896
1992.202152	0.497141057
1992.285486	0.209968622
1992.368819	0.277130151
1992.452152	0.286969744
1992.535486	0.407180793
1992.618819	0.656867171
1992.702152	1.228944436
1992.785486	1.802684421
1992.868819	1.666974624
1992.952152	0.901657126
1993.035486	0.380977497
1993.118819	0.256154686
1993.202152	-0.461338543
1993.285486	-0.477739039
1993.368819	0.105144534
1993.452152	1.024140869
1993.535486	0.934522921
1993.618819	0.874662042
1993.702152	0.711032999
1993.785486	0.351227693
1993.868819	-0.208342894
1993.952152	-1.431173255
1994.035486	-1.418560133
1994.118819	-1.058567324
1994.202152	-0.409771988
1994.285486	0.322681935
1994.368819	1.296243899
1994.452152	1.696060192
1994.535486	1.016871638
1994.618819	0.872951848
1994.702152	0.988621166
1994.785486	0.656727316
1994.868819	0.566042414
1994.952152	0.842406985
1995.035486	1.089682374
1995.118819	0.137688366
1995.202152	-0.714513233
1995.285486	-0.584610223
1995.368819	0.585535729
1995.452152	1.284120408
1995.535486	1.313853805
1995.618819	1.111669943
1995.702152	0.580908034
1995.785486	-0.427214143
1995.868819	-0.810776116
1995.952152	-0.45198763
1996.035486	0.158747007
1996.118819	0.307470343
1996.202152	0.385233434
1996.285486	-0.25082064
1996.368819	-1.006765815
1996.452152	-1.114810861
1996.535486	-0.560134332
1996.618819	-0.136235871
1996.702152	-0.168838312
1996.785486	-0.46043545
1996.868819	-0.307341313
1996.952152	0.117497656
1997.035486	0.743818796
1997.118819	0.347120977
1997.202152	-0.147058977
1997.285486	-0.555424425
1997.368819	-0.750184532
1997.452152	-0.881351099
1997.535486	-0.096168821
1997.618819	0.983936197
1997.702152	0.778489782
1997.785486	-0.067137385
1997.868819	-0.858209386
1997.952152	-0.571606062
1998.035486	-0.043085819
1998.118819	0.619357433
1998.202152	-0.025836092
1998.285486	-0.778879318
1998.368819	-1.153185101
1998.452152	-0.533016656
1998.535486	-0.158162375
1998.618819	0.33403391
1998.702152	0.112130806
1998.785486	-0.418770708
1998.868819	-1.556527341
1998.952152	-1.629532409
1999.035486	-0.998490546
1999.118819	-0.755513224
1999.202152	-0.899874974
1999.285486	-0.789261761
1999.368819	0.065775823
1999.452152	0.50187702
1999.535486	0.653824057
1999.618819	0.412801088
1999.702152	-0.110185729
1999.785486	-0.036349721
1999.868819	0.431353453
1999.952152	0.448729815
2000.035486	0.084518464
2000.118819	0.001979552
2000.202152	0.320295555
2000.285486	0.383451271
2000.368819	0.808917082
2000.452152	1.021749187
2000.535486	1.230228373
2000.618819	1.094884008
2000.702152	0.80059436
2000.785486	0.693189869
2000.868819	0.61888137
2000.952152	0.139691247
2001.035486	-0.511871416
2001.118819	-0.483108705
2001.202152	0.1091495
2001.285486	0.030133548
2001.368819	-0.276422033
2001.452152	-0.428191359
2001.535486	0.066842232
2001.618819	-0.127269231
2001.702152	-0.375637558
2001.785486	-0.376175983
2001.868819	-0.068706415
2001.952152	-0.162288386
2002.035486	-0.180731841
2002.118819	-0.29874581
2002.202152	-0.355307416
2002.285486	-0.096623949
2002.368819	-0.068267281
2002.452152	-0.016040072
2002.535486	0.267082265
2002.618819	0.781808279
2002.702152	0.959015229
2002.785486	0.611547351
2002.868819	0.373172224
2002.952152	0.276531405
2003.035486	0.476727658
2003.118819	0.123010218
2003.202152	-0.861863287
2003.285486	-1.179111394
2003.368819	-1.027306293
2003.452152	-0.383206429
2003.535486	-0.023627846
2003.618819	0.393911298
2003.702152	0.256507322
2003.785486	0.024483093
2003.868819	-0.070068761
2003.952152	0.014144913
2004.035486	0.010606381
2004.118819	0.013006153
2004.202152	-0.398599818
2004.285486	-0.244105972
2004.368819	0.17056252
2004.452152	0.422619766
2004.535486	0.028661798
2004.618819	0.167684622
2004.702152	0.71868227
2004.785486	0.820714176
2004.868819	0.144502449
2004.952152	0.03976069
2005.035486	0.048448294
2005.118819	0.253696968
2005.202152	-0.321394467
2005.285486	-0.110357114
2005.368819	0.338007108
2005.452152	1.163006132
2005.535486	0.949839211
2005.618819	-0.132607169
2005.702152	-0.846141407
2005.785486	-1.03748843
2005.868819	-0.607073091
2005.952152	-0.541972339
2006.035486	-0.108038547
2006.118819	0.190349004
2006.202152	0.065429305
2006.285486	-0.30391652
2006.368819	-0.546225026
2006.452152	0.116707486
2006.535486	0.227958539
2006.618819	-0.220630445
2006.702152	-0.289684024
2006.785486	-0.221907551
2006.868819	0.159492508
2006.952152	0.276590096
2007.035486	0.084883687
2007.118819	-0.924110699
2007.202152	-1.84031322
2007.285486	-1.245228285
2007.368819	-0.07431509
2007.452152	0.736018362
2007.535486	0.339759987
2007.618819	0.311847221
2007.702152	0.493857427
2007.785486	0.69163095
2007.868819	-0.081293112
2007.952152	-0.509976671
2008.035486	-0.661008915
2008.118819	-0.008468414
2008.202152	0.385512481
2008.285486	0.568729342
2008.368819	0.469038971
2008.452152	0.577273296
2008.535486	0.679926813
2008.618819	0.5798995
2008.702152	-0.077782728
2008.785486	-0.93233097
2008.868819	-1.433034301
2008.952152	-1.453483866
2009.035486	-1.271893528
2009.118819	-0.53127235
2009.202152	0.058225906
2009.285486	0.186459476
2009.368819	-0.225623866
2009.452152	-0.20987777
2009.535486	-0.068083565
2009.618819	0.194084985
2009.702152	0.186706763
2009.785486	0.596249491
2009.868819	0.251438814
2009.952152	-0.646128831
2010.035486	-1.279556533
2010.118819	-0.250239753
2010.202152	0.240441981
2010.285486	0.022358766
2010.368819	-0.895843768
2010.452152	-1.120310424
2010.535486	-1.61467528
2010.618819	-1.390895116
2010.702152	-1.15459651
2010.785486	-1.000484513
2010.868819	-1.060657457
2010.952152	-0.895513718
2011.035486	-0.78007879
2011.118819	-0.854620212
2011.202152	-0.958759904
2011.285486	-1.098104439
2011.368819	-1.487062588
2011.452152	-1.488307966
2011.535486	-0.6858254
2011.618819	0.208601448
2011.702152	1.203474539
2011.785486	1.160506315
2011.868819	0.316158358
2011.952152	-0.991380806
2012.035486	-1.39392336
2012.118819	-0.823895686
2012.202152	-0.06065144
2012.285486	0.728192898
2012.368819	1.426818469
2012.452152	1.769903525
2012.535486	1.339126272
2012.618819	0.898048958
2012.702152	0.777738565
2012.785486	0.286535511
2012.868819	-0.995870679
2012.952152	-1.687235531
2013.035486	-1.572326625
2013.118819	-0.961612067
2013.202152	-1.150304749
2013.285486	-1.179424615
2013.368819	-0.78731237
2013.452152	0.004276791
2013.535486	0.054543836
2013.618819	-0.566754135
2013.702152	-0.571836086
2013.785486	-0.02198765
2013.868819	0.590087261
2013.952152	0.580171293
2014.035486	0.716907783
2014.118819	0.660521153
2014.202152	-0.006478278
2014.285486	-0.172477436
2014.368819	0.274809965
2014.452152	0.735181977
2014.535486	0.802258205
2014.618819	0.867830232
2014.702152	0.810037021
2014.785486	0.080960688
2014.868819	-0.573862215
2014.952152	-0.606599825
2015.035486	-0.721805813
2015.118819	-0.132989756
2015.202152	-0.225670865
2015.285486	0.170202639
2015.368819	0.465018621
2015.452152	1.49216171
2015.535486	1.66804417
2015.618819	1.497477184
2015.702152	1.193489107
2015.785486	0.76561948
2015.868819	0.253658388
2015.952152	-0.948419198
2016.035486	-1.53265716
2016.118819	-1.437493712
2016.202152	-0.351791831
2016.285486	0.514021808
2016.368819	1.509753468
2016.452152	1.450285164
2016.535486	1.185441295
2016.618819	0.893396203
2016.702152	0.87354822
2016.785486	0.134095509
2016.868819	-0.329102088
2016.952152	-0.933165745
2017.035486	-1.335971673
2017.118819	-0.997014039
2017.202152	-0.114496392
2017.285486	0.295907379
2017.368819	0.201497835
2017.452152	0.292006905
2017.535486	0.637679019
2017.618819	0.768416101
2017.702152	1.116568788
2017.785486	0.33544505
2017.868819	-0.246460664
2017.952152	-0.158821905
2018.035486	0.188955393
2018.118819	-0.258193311
2018.202152	-0.511349107
2018.285486	-0.102604856
2018.368819	0.322651867
2018.452152	0.791317669
2018.535486	1.317958086
2018.618819	0.777772016
2018.702152	0.465292093
2018.785486	0.86942733
2018.868819	1.549183746
2018.952152	1.483520052
2019.035486	1.477750989
2019.118819	1.708662593
2019.202152	1.53373239
2019.285486	0.832008978
2019.368819	0.413813574
2019.452152	0.392443191
2019.535486	0.504906119
2019.618819	0.663156913
2019.702152	0.723431191
2019.785486	-0.243735447
2019.868819	-1.248405649
2019.952152	-1.642518812
2020.035486	-1.251289159
2020.118819	-0.940111024
2020.202152	-0.835712706
2020.285486	-0.530369176
2020.368819	0.062551306
2020.452152	0.97221197
2020.535486	0.892549808
2020.618819	0.393610542
