1879.9416934465	0.0000000000
1880.0250267798	0.0000000000
1880.1083601132	0.0000000000
1880.1916934465	0.0000000000
1880.2750267798	0.0000000000
1880.3583601132	0.0000000000
1880.4416934465	0.0000000000
1880.5250267798	0.0000000000
1880.6083601132	-7.0839511272
1880.6916934465	-5.4853261100
1880.7750267798	-4.2532222202
1880.8583601132	-4.1847938914
1880.9416934465	2.1036677213
1881.0250267798	2.1874256649
1881.1083601132	1.4505762331
1881.1916934465	1.5836291304
1881.2750267798	0.7963563782
1881.3583601132	0.5499188625
1881.4416934465	-1.1736586485
1881.5250267798	-1.9322549072
1881.6083601132	-2.3475945835
1881.6916934465	-2.1711851373
1881.7750267798	-2.5213450383
1881.8583601132	-1.8528241475
1881.9416934465	-0.8482376485
1882.0250267798	0.3727682385
1882.1083601132	0.1789784099
1882.1916934465	0.3005848128
1882.2750267798	-0.2730299947
1882.3583601132	-1.5828696552
1882.4416934465	-3.4214593297
1882.5250267798	-4.4359044470
1882.6083601132	-3.4335903890
1882.6916934465	-2.2560738719
1882.7750267798	-0.7769366066
1882.8583601132	-1.2634839128
1882.9416934465	-1.6155735944
1883.0250267798	-1.9708750708
1883.1083601132	-0.7696517998
1883.1916934465	-0.0946431554
1883.2750267798	0.1013464715
1883.3583601132	-0.8681293411
1883.4416934465	-0.9036555598
1883.5250267798	-0.2089887628
1883.6083601132	0.6737541842
1883.6916934465	1.2648266551
1883.7750267798	0.6009226491
1883.8583601132	1.0366169475
1883.9416934465	1.2719294320
1884.0250267798	1.1484609479
1884.1083601132	1.1291108077
1884.1916934465	0.9794400373
1884.2750267798	1.7162831966
1884.3583601132	1.6802390526
1884.4416934465	2.1542445015
1884.5250267798	2.8159322077
1884.6083601132	2.9333355062
1884.6916934465	2.3985300282
1884.7750267798	1.4955258228
1884.8583601132	0.9950434331
1884.9416934465	1.6290099879
1885.0250267798	2.2388203821
1885.1083601132	2.4622595415
1885.1916934465	2.5967249911
1885.2750267798	3.2135252939
1885.3583601132	4.5858708986
1885.4416934465	5.3091488311
1885.5250267798	5.3735856111
1885.6083601132	3.9422018653
1885.6916934465	1.7600491422
1885.7750267798	-0.0665407404
1885.8583601132	-1.2524028975
1885.9416934465	-2.7514460617
1886.0250267798	-4.2602792380
1886.1083601132	-5.6918624474
1886.1916934465	-6.3755529726
1886.2750267798	-7.2299060063
1886.3583601132	-7.6907844978
1886.4416934465	-8.0911442671
1886.5250267798	-8.7320018792
1886.6083601132	-7.8950531388
1886.6916934465	-7.3530092084
1886.7750267798	-6.2729809803
1886.8583601132	-6.6400824016
1886.9416934465	-6.1947111617
1887.0250267798	-4.9902011880
1887.1083601132	-3.8393385234
1887.1916934465	-3.1749607123
1887.2750267798	-2.7766646151
1887.3583601132	-2.0603037759
1887.4416934465	-0.6050687766
1887.5250267798	0.2362999085
1887.6083601132	1.1521157547
1887.6916934465	2.4384958529
1887.7750267798	3.6101182195
1887.8583601132	4.2268836962
1887.9416934465	3.9498360770
1888.0250267798	3.8429357256
1888.1083601132	4.2022222903
1888.1916934465	5.0314885461
1888.2750267798	5.3388873777
1888.3583601132	6.7586052474
1888.4416934465	9.2798104438
1888.5250267798	11.0020409123
1888.6083601132	12.8578217546
1888.6916934465	11.1271394539
1888.7750267798	10.2298434326
1888.8583601132	5.9354385064
1888.9416934465	3.4308551735
1889.0250267798	0.6659617158
1889.1083601132	-1.3576472624
1889.1916934465	-3.5037029258
1889.2750267798	-5.3795154157
1889.3583601132	-6.7724196162
1889.4416934465	-8.1042827996
1889.5250267798	-9.1592375805
1889.6083601132	-11.4987075221
1889.6916934465	-12.4668925203
1889.7750267798	-11.6032197906
1889.8583601132	-8.6252713783
1889.9416934465	-6.3300197586
1890.0250267798	-5.4589547666
1890.1083601132	-4.8294903616
1890.1916934465	-5.4296194212
1890.2750267798	-6.3451505737
1890.3583601132	-6.9594005248
1890.4416934465	-6.6201961677
1890.5250267798	-5.2955053724
1890.6083601132	-4.1452301990
1890.6916934465	-2.2918653629
1890.7750267798	-0.8027268229
1890.8583601132	0.4940124550
1890.9416934465	1.0968868026
1891.0250267798	1.5558027145
1891.1083601132	2.0146154281
1891.1916934465	2.1180563823
1891.2750267798	1.6729869626
1891.3583601132	1.1641947677
1891.4416934465	1.0105665908
1891.5250267798	1.1816643621
1891.6083601132	0.0316028820
1891.6916934465	-0.6003702498
1891.7750267798	-2.6279868593
1891.8583601132	-3.0797512658
1891.9416934465	-4.3828344582
1892.0250267798	-4.3121267650
1892.1083601132	-4.1784812963
1892.1916934465	-3.9969967422
1892.2750267798	-4.4163242045
1892.3583601132	-6.0150429014
1892.4416934465	-7.3875354330
1892.5250267798	-7.7964260818
1892.6083601132	-7.3551308432
1892.6916934465	-6.9560008293
1892.7750267798	-6.9688200676
1892.8583601132	-7.1923513604
1892.9416934465	-7.6678854861
1893.0250267798	-7.9367881834
1893.1083601132	-8.1439662438
1893.1916934465	-7.8295705954
1893.2750267798	-7.9135918244
1893.3583601132	-7.4997478535
1893.4416934465	-7.7316790224
1893.5250267798	-6.9713859216
1893.6083601132	-7.3289947018
1893.6916934465	-6.9463503850
1893.7750267798	-6.9845378427
1893.8583601132	-5.8270382288
1893.9416934465	-4.9440055394
1894.0250267798	-4.2860440874
1894.1083601132	-4.0346786257
1894.1916934465	-3.6078263956
1894.2750267798	-4.0601589393
1894.3583601132	-4.0287503360
1894.4416934465	-4.3970848793
1894.5250267798	-3.6363552401
1894.6083601132	-3.6593623433
1894.6916934465	-3.2647264344
1894.7750267798	-2.9203996319
1894.8583601132	-1.8629592990
1894.9416934465	-0.7360069398
1895.0250267798	-0.1088116347
1895.1083601132	0.1040236828
1895.1916934465	0.9520688202
1895.2750267798	1.9001117922
1895.3583601132	2.9481511179
1895.4416934465	2.9965793547
1895.5250267798	2.8900683917
1895.6083601132	2.0193972110
1895.6916934465	0.8851609615
1895.7750267798	0.7388732192
1895.8583601132	1.1425228847
1895.9416934465	2.3510256457
1896.0250267798	2.1818573038
1896.1083601132	3.1874947832
1896.1916934465	4.7393823281
1896.2750267798	6.5999827229
1896.3583601132	7.7436312922
1896.4416934465	8.2057044431
1896.5250267798	9.0799492381
1896.6083601132	9.8182412739
1896.6916934465	9.2868299931
1896.7750267798	7.8829721788
1896.8583601132	4.7421551415
1896.9416934465	2.4255008388
1897.0250267798	0.5742321036
1897.1083601132	0.5537825327
1897.1916934465	0.0251583807
1897.2750267798	-0.3414909229
1897.3583601132	-1.6447215358
1897.4416934465	-2.3340780120
1897.5250267798	-3.2550597462
1897.6083601132	-3.6458485427
1897.6916934465	-4.1653049584
1897.7750267798	-5.0064642492
1897.8583601132	-4.6857377811
1897.9416934465	-4.1679255664
1898.0250267798	-2.6375490313
1898.1083601132	-2.8425347678
1898.1916934465	-3.4893773077
1898.2750267798	-3.7208968441
1898.3583601132	-3.1824226771
1898.4416934465	-3.0913054107
1898.5250267798	-3.9761721448
1898.6083601132	-5.0757235181
1898.6916934465	-5.0477689529
1898.7750267798	-4.6807896499
1898.8583601132	-3.2006034013
1898.9416934465	-1.3376862720
1899.0250267798	0.5322251896
1899.1083601132	1.2646175746
1899.1916934465	2.1824607017
1899.2750267798	2.2466909081
1899.3583601132	3.4422544669
1899.4416934465	4.2237342223
1899.5250267798	6.5031802435
1899.6083601132	8.2608037165
1899.6916934465	9.1243000786
1899.7750267798	8.9753683029
1899.8583601132	7.0858493676
1899.9416934465	4.9430183905
1900.0250267798	2.7376796343
1900.1083601132	2.4701823419
1900.1916934465	3.0293787864
1900.2750267798	3.9868437362
1900.3583601132	4.2653507477
1900.4416934465	3.4407464118
1900.5250267798	3.1526480609
1900.6083601132	3.0744638211
1900.6916934465	2.8838436903
1900.7750267798	1.4755408305
1900.8583601132	-0.2354351077
1900.9416934465	-1.0983865450
1901.0250267798	-1.8838063211
1901.1083601132	-2.0604074198
1901.1916934465	-1.9500011113
1901.2750267798	-0.7094473902
1901.3583601132	0.1031240189
1901.4416934465	-0.0494458407
1901.5250267798	-0.8617991180
1901.6083601132	-2.5167901376
1901.6916934465	-2.2608719343
1901.7750267798	-2.4730874455
1901.8583601132	-0.7578465913
1901.9416934465	0.3155240111
1902.0250267798	2.4992635476
1902.1083601132	5.0319183677
1902.1916934465	6.8352162680
1902.2750267798	8.5314275947
1902.3583601132	8.5267979374
1902.4416934465	9.0436510055
1902.5250267798	8.7478290495
1902.6083601132	8.4548859318
1902.6916934465	7.1023053352
1902.7750267798	4.8072052443
1902.8583601132	2.5135685087
1902.9416934465	0.3436288552
1903.0250267798	0.2928773971
1903.1083601132	-1.0384679478
1903.1916934465	-1.2526618341
1903.2750267798	-3.0624870494
1903.3583601132	-3.0770507725
1903.4416934465	-4.0752819841
1903.5250267798	-5.4178864543
1903.6083601132	-6.1865045915
1903.6916934465	-6.8086098407
1903.7750267798	-6.0897587190
1903.8583601132	-5.9889895308
1903.9416934465	-4.3757951753
1904.0250267798	-1.8656593063
1904.1083601132	1.4588516484
1904.1916934465	3.0267069056
1904.2750267798	2.6917989225
1904.3583601132	2.7745367070
1904.4416934465	2.8423957387
1904.5250267798	4.4751303334
1904.6083601132	5.1426300787
1904.6916934465	6.7702310613
1904.7750267798	8.1033057544
1904.8583601132	7.6978809183
1904.9416934465	8.0278274166
1905.0250267798	6.7096862780
1905.1083601132	6.9135025870
1905.1916934465	6.1030725338
1905.2750267798	7.0519596643
1905.3583601132	7.4164289884
1905.4416934465	7.4801464943
1905.5250267798	7.3183248643
1905.6083601132	6.7330661829
1905.6916934465	6.1513127781
1905.7750267798	5.1576395179
1905.8583601132	4.3459048880
1905.9416934465	2.8597449967
1906.0250267798	1.2744417690
1906.1083601132	-1.1158872689
1906.1916934465	-2.4776112661
1906.2750267798	-4.8224341142
1906.3583601132	-5.3504062463
1906.4416934465	-5.3749754028
1906.5250267798	-4.1185661705
1906.6083601132	-3.3585551617
1906.6916934465	-2.6048242446
1906.7750267798	-2.1200346448
1906.8583601132	-1.7726574256
1906.9416934465	-1.9511049625
1907.0250267798	-2.1172174553
1907.1083601132	-2.1884835667
1907.1916934465	-2.2727272546
1907.2750267798	-1.2921533078
1907.3583601132	-0.8415647453
1907.4416934465	-0.2362474858
1907.5250267798	-1.0099518330
1907.6083601132	-0.6826901089
1907.6916934465	-0.8201886399
1907.7750267798	-1.3400445556
1907.8583601132	-2.3789431043
1907.9416934465	-2.9387406315
1908.0250267798	-2.2824443646
1908.1083601132	-2.7610951975
1908.1916934465	-2.8645922718
1908.2750267798	-3.9730049672
1908.3583601132	-3.3481680420
1908.4416934465	-3.8340931854
1908.5250267798	-4.0465569499
1908.6083601132	-3.5078798876
1908.6916934465	-3.1917323437
1908.7750267798	-2.4668599730
1908.8583601132	-3.1131379058
1908.9416934465	-2.9101590187
1909.0250267798	-4.4408011612
1909.1083601132	-5.4075859364
1909.1916934465	-6.4099038560
1909.2750267798	-5.5407976615
1909.3583601132	-5.7989024272
1909.4416934465	-6.6869756839
1909.5250267798	-7.4107816444
1909.6083601132	-7.2543378024
1909.6916934465	-6.2440159220
1909.7750267798	-5.6592517360
1909.8583601132	-5.8534888398
1909.9416934465	-6.7825883003
1910.0250267798	-7.5388658520
1910.1083601132	-7.5064082197
1910.1916934465	-6.7509077710
1910.2750267798	-7.1828969259
1910.3583601132	-7.0690538394
1910.4416934465	-6.6931940243
1910.5250267798	-5.4970789952
1910.6083601132	-4.4015915706
1910.6916934465	-3.8982429882
1910.7750267798	-3.4889411027
1910.8583601131	-4.0442215129
1910.9416934465	-4.1814403558
1911.0250267798	-3.2586967793
1911.1083601131	-1.3906428786
1911.1916934465	0.0305451872
1911.2750267798	1.2694923073
1911.3583601131	1.9517504879
1911.4416934465	3.7204013288
1911.5250267798	5.0502207298
1911.6083601131	7.5140318187
1911.6916934465	8.0803337323
1911.7750267798	7.6846039015
1911.8583601131	6.0225609538
1911.9416934465	3.8727158889
1912.0250267798	1.9684927556
1912.1083601131	0.1909972931
1912.1916934465	-0.4236416545
1912.2750267798	-0.0531669991
1912.3583601131	0.2254565050
1912.4416934465	0.8764485102
1912.5250267798	0.3364158125
1912.6083601131	-0.0408051344
1912.6916934465	0.1497939831
1912.7750267798	0.8318998998
1912.8583601131	0.0477358969
1912.9416934465	-0.6487832855
1913.0250267798	-0.9575951017
1913.1083601131	0.1337224717
1913.1916934465	0.6147827884
1913.2750267798	1.2554969758
1913.3583601131	1.7764530541
1913.4416934465	3.3749132022
1913.5250267798	4.4868834502
1913.6083601131	5.2542405064
1913.6916934465	4.8478127596
1913.7750267798	3.4997768174
1913.8583601131	3.9046113862
1913.9416934465	2.8722989001
1914.0250267798	3.3458886258
1914.1083601131	3.1614849035
1914.1916934465	4.9839248986
1914.2750267798	5.8585408016
1914.3583601131	5.1681465878
1914.4416934465	4.1171903800
1914.5250267798	3.8383287637
1914.6083601131	5.8595121010
1914.6916934465	6.3241877036
1914.7750267798	6.4678475824
1914.8583601131	4.4141150830
1914.9416934465	2.9150569721
1915.0250267798	2.2285640028
1915.1083601131	0.5013522841
1915.1916934465	-0.2387067975
1915.2750267798	-1.3197212039
1915.3583601131	-0.4916165784
1915.4416934465	-0.1031114331
1915.5250267798	-0.8298438419
1915.6083601131	-1.1137028090
1915.6916934465	-1.8689502644
1915.7750267798	-1.8138059022
1915.8583601131	-2.7382661807
1915.9416934465	-2.9045743841
1916.0250267798	-3.4150631457
1916.1083601131	-4.9422129390
1916.1916934465	-6.9157699672
1916.2750267798	-8.2983267102
1916.3583601131	-8.4578487781
1916.4416934465	-8.8207154899
1916.5250267798	-9.7021470674
1916.6083601131	-9.9066531900
1916.6916934465	-9.1967534308
1916.7750267798	-7.6919517220
1916.8583601131	-5.9137394078
1916.9416934465	-4.7426498738
1917.0250267798	-3.9295071785
1917.1083601131	-4.1330036157
1917.1916934465	-3.7886298333
1917.2750267798	-3.9276485107
1917.3583601131	-3.3407271117
1917.4416934465	-3.9438182812
1917.5250267798	-5.0263928474
1917.6083601131	-6.0188018306
1917.6916934465	-6.3664898536
1917.7750267798	-5.5337199464
1917.8583601131	-4.9036105390
1917.9416934465	-3.1011957641
1918.0250267798	-0.5903880412
1918.1083601131	1.2551626831
1918.1916934465	2.0960381013
1918.2750267798	2.2660941415
1918.3583601131	3.5957435253
1918.4416934465	5.4746926392
1918.5250267798	7.2505093403
1918.6083601131	8.9644595511
1918.6916934465	9.2516184780
1918.7750267798	8.4166978538
1918.8583601131	6.1613971406
1918.9416934465	4.8001756587
1919.0250267798	4.2478341494
1919.1083601131	3.9628406905
1919.1916934465	4.1072216723
1919.2750267798	3.8614493620
1919.3583601131	3.6207712287
1919.4416934465	1.9029529215
1919.5250267798	1.6215774890
1919.6083601131	1.9080169612
1919.6916934465	3.2791523162
1919.7750267798	3.4690490684
1919.8583601131	1.9599523038
1919.9416934465	0.2497619860
1920.0250267798	-0.8101510612
1920.1083601131	-0.6245827458
1920.1916934465	-0.0070346972
1920.2750267798	0.1512670500
1920.3583601131	1.0743993851
1920.4416934465	0.5394793516
1920.5250267798	-0.3044099654
1920.6083601131	-0.9778115658
1920.6916934465	-1.5311487163
1920.7750267798	-3.6385633033
1920.8583601131	-4.7645351744
1920.9416934465	-5.6655156711
1921.0250267798	-3.9770892226
1921.1083601131	-3.4460492654
1921.1916934465	-1.9580222431
1921.2750267798	-1.4621129991
1921.3583601131	-1.2652332517
1921.4416934465	-2.8835661571
1921.5250267798	-3.7205257457
1921.6083601131	-4.6933324205
1921.6916934465	-3.1347505098
1921.7750267798	-1.7571552030
1921.8583601131	-1.2580860285
1921.9416934465	-0.3855636576
1922.0250267798	-1.2183481893
1922.1083601131	-1.1994213139
1922.1916934465	-2.8994672682
1922.2750267798	-2.9902086308
1922.3583601131	-2.9557760253
1922.4416934465	-2.5580416875
1922.5250267798	-3.0281189423
1922.6083601131	-3.3254052738
1922.6916934465	-3.9618674905
1922.7750267798	-4.3947117427
1922.8583601131	-4.5052914752
1922.9416934465	-3.2985432739
1923.0250267798	-1.3649362206
1923.1083601131	0.2198664381
1923.1916934465	1.7094384878
1923.2750267798	3.2861523395
1923.3583601131	4.4739896629
1923.4416934465	5.2548830186
1923.5250267798	5.2281539196
1923.6083601131	4.6350030029
1923.6916934465	3.8746790954
1923.7750267798	2.6954680511
1923.8583601131	1.8256431126
1923.9416934465	-1.1113259223
1924.0250267798	-2.9757092396
1924.1083601131	-4.9890936313
1924.1916934465	-4.9099302306
1924.2750267798	-5.3617586011
1924.3583601131	-4.6682973760
1924.4416934465	-5.2488747683
1924.5250267798	-5.1214424883
1924.6083601131	-6.2527939500
1924.6916934465	-5.7053861554
1924.7750267798	-5.5187519816
1924.8583601131	-4.3583142674
1924.9416934465	-3.0894839318
1925.0250267798	-1.5465537845
1925.1083601131	1.0397009819
1925.1916934465	3.1644462147
1925.2750267798	4.9023752504
1925.3583601131	5.5919934401
1925.4416934465	6.1448163241
1925.5250267798	7.7242442870
1925.6083601131	8.7853076263
1925.6916934465	9.5570475967
1925.7750267798	8.7583939059
1925.8583601131	7.5462294221
1925.9416934465	6.0165853205
1926.0250267798	4.7721744961
1926.1083601131	3.9186054756
1926.1916934465	2.8339003344
1926.2750267798	1.3134404646
1926.3583601131	-0.6492337372
1926.4416934465	-1.5785371753
1926.5250267798	-1.9868721639
1926.6083601131	-1.4345698555
1926.6916934465	-0.7132462777
1926.7750267798	-1.0618731946
1926.8583601131	-1.5487410670
1926.9416934465	-2.9409299942
1927.0250267798	-2.3237622206
1927.1083601131	-2.0273331963
1927.1916934465	-0.6393429160
1927.2750267798	-0.3440918985
1927.3583601131	0.7375843933
1927.4416934465	0.9558533011
1927.5250267798	1.1299897442
1927.6083601131	1.4940476473
1927.6916934465	0.8483354498
1927.7750267798	-0.0946454140
1927.8583601131	-1.5396040917
1927.9416934465	-1.2013247234
1928.0250267798	-0.6977174363
1928.1083601131	-0.3447251538
1928.1916934465	-1.2883956712
1928.2750267798	-1.4961429244
1928.3583601131	-2.0690051518
1928.4416934465	-1.8922400661
1928.5250267798	-2.3771377283
1928.6083601131	-2.8520222662
1928.6916934465	-3.1031223153
1928.7750267798	-2.3444234293
1928.8583601131	-1.3626206191
1928.9416934465	-0.3927022342
1929.0250267798	0.1741875984
1929.1083601131	0.4070044929
1929.1916934465	0.5292149617
1929.2750267798	0.5694607020
1929.3583601131	0.8575190785
1929.4416934465	0.4076460820
1929.5250267798	0.6447129787
1929.6083601131	0.4167177445
1929.6916934465	1.2197617341
1929.7750267798	1.1890815832
1929.8583601131	1.9644537964
1929.9416934465	1.5497050124
1930.0250267798	1.7240120086
1930.1083601131	2.2639924141
1930.1916934465	3.4937160785
1930.2750267798	5.1918006120
1930.3583601131	5.7469838011
1930.4416934465	7.4210906591
1930.5250267798	7.6878001057
1930.6083601131	8.1101984365
1930.6916934465	7.8197356264
1930.7750267798	6.8512045523
1930.8583601131	5.6796091617
1930.9416934465	3.5894594480
1931.0250267798	2.3780763859
1931.1083601131	1.6088189248
1931.1916934465	1.4491514755
1931.2750267798	0.2160891538
1931.3583601131	-0.3926638396
1931.4416934465	-1.3125919117
1931.5250267798	-1.2696366948
1931.6083601131	-1.7528434415
1931.6916934465	-1.1357527573
1931.7750267798	0.2709163455
1931.8583601131	1.8457869280
1931.9416934465	2.3294378326
1932.0250267798	2.1929906140
1932.1083601131	1.7193366634
1932.1916934465	1.5969364960
1932.2750267798	1.3756437025
1932.3583601131	1.0501102034
1932.4416934465	0.7980433568
1932.5250267798	-0.3712785684
1932.6083601131	-0.4367816256
1932.6916934465	-1.0397725378
1932.7750267798	-0.6287897552
1932.8583601131	-0.6913190326
1932.9416934465	-1.1162578288
1933.0250267798	-1.9952011972
1933.1083601131	-3.1277943420
1933.1916934465	-3.8963756333
1933.2750267798	-4.1226068095
1933.3583601131	-5.0934472670
1933.4416934465	-5.6519277817
1933.5250267798	-6.4686536425
1933.6083601131	-6.0730590217
1933.6916934465	-5.4448646847
1933.7750267798	-4.6896319407
1933.8583601131	-3.9011756459
1933.9416934465	-3.1955496629
1934.0250267798	-2.1365809846
1934.1083601131	-1.7259586709
1934.1916934465	-0.8381552674
1934.2750267798	-1.1669828971
1934.3583601131	-1.1376770042
1934.4416934465	-1.8180939141
1934.5250267798	-1.2511506472
1934.6083601131	-1.6881240123
1934.6916934465	-1.3637199096
1934.7750267798	-1.9447158303
1934.8583601131	-1.5223698569
1934.9416934465	-2.0109561094
1935.0250267798	-1.7350978361
1935.1083601131	-2.4168568106
1935.1916934465	-1.7490400665
1935.2750267798	-1.3665352671
1935.3583601131	0.1461051386
1935.4416934465	0.7483064894
1935.5250267798	1.1113898742
1935.6083601131	2.1303769957
1935.6916934465	2.3675905619
1935.7750267798	2.0606056589
1935.8583601131	1.0636751954
1935.9416934465	-0.0496737748
1936.0250267798	-0.3501245069
1936.1083601131	-1.3464677138
1936.1916934465	-1.3741469396
1936.2750267798	-0.9953954086
1936.3583601131	0.3854748022
1936.4416934465	0.9032961198
1936.5250267798	2.0087927870
1936.6083601131	0.3906261331
1936.6916934465	0.9188441269
1936.7750267798	0.0328726179
1936.8583601131	1.2310013017
1936.9416934465	-0.0179594509
1937.0250267798	-0.7163604999
1937.1083601131	-0.7013482315
1937.1916934465	-0.4555201997
1937.2750267798	0.4321103347
1937.3583601131	-0.0180790870
1937.4416934465	0.5247944735
1937.5250267798	0.1392118442
1937.6083601131	-0.3199897222
1937.6916934465	-0.3715193917
1937.7750267798	-0.5015274495
1937.8583601131	-0.1643947519
1937.9416934465	-1.6008513124
1938.0250267798	-3.5900184312
1938.1083601131	-5.6633059884
1938.1916934465	-6.2835015803
1938.2750267798	-4.9648417250
1938.3583601131	-4.4201261614
1938.4416934465	-4.2232762527
1938.5250267798	-5.4183087376
1938.6083601131	-5.5956200669
1938.6916934465	-5.9193519924
1938.7750267798	-5.6945218514
1938.8583601131	-4.3512846826
1938.9416934465	-2.8254880237
1939.0250267798	-0.9693652268
1939.1083601131	0.0336877866
1939.1916934465	0.9168678624
1939.2750267798	2.1638606103
1939.3583601131	1.7712004058
1939.4416934465	2.2546476031
1939.5250267798	1.5389447542
1939.6083601131	3.7070606515
1939.6916934465	5.4930076054
1939.7750267798	7.4993232842
1939.8583601131	7.2587994200
1939.9416934465	5.8794977393
1940.0250267798	5.1111856114
1940.1083601131	4.4958381671
1940.1916934465	5.4963538945
1940.2750267798	4.6899436099
1940.3583601131	5.0766038318
1940.4416934465	4.6202396022
1940.5250267798	7.1746409368
1940.6083601131	8.5970237052
1940.6916934465	9.9689110456
1940.7750267798	9.2641234310
1940.8583601131	8.9098321416
1940.9416934465	8.4398719039
1941.0250267798	7.8847271619
1941.1083601131	7.2955877842
1941.1916934465	6.8462910441
1941.2750267798	6.2030953543
1941.3583601131	6.5531140793
1941.4416934465	6.8664225242
1941.5250267798	7.8808123395
1941.6083601131	7.1362077202
1941.6916934465	5.6853312485
1941.7750267798	3.6174163672
1941.8583601131	2.8062639655
1941.9416934465	1.2770662177
1942.0250267798	-0.4134058893
1942.1083601131	-2.3863666319
1942.1916934465	-3.9091867494
1942.2750267798	-5.0712606555
1942.3583601131	-6.7006845275
1942.4416934465	-7.4236902952
1942.5250267798	-7.9639554180
1942.6083601131	-7.7335201326
1942.6916934465	-7.6558765433
1942.7750267798	-6.9034449089
1942.8583601131	-5.6872269609
1942.9416934465	-3.7980868262
1943.0250267798	-1.8567084766
1943.1083601131	-1.0387228694
1943.1916934465	-0.7042669025
1943.2750267798	-1.3417446722
1943.3583601131	-1.8289687307
1943.4416934465	-2.1582078370
1943.5250267798	-1.7798180231
1943.6083601131	-1.3360348215
1943.6916934465	-0.4663180324
1943.7750267798	-0.5385068044
1943.8583601131	0.3034582505
1943.9416934465	0.5523910801
1944.0250267798	1.2524836749
1944.1083601131	1.2471598981
1944.1916934465	0.9108283651
1944.2750267798	0.2428543125
1944.3583601131	-0.2837428932
1944.4416934465	-0.8927325738
1944.5250267798	-1.2467961564
1944.6083601131	-2.1392653897
1944.6916934465	-2.6436044348
1944.7750267798	-3.6256816964
1944.8583601131	-3.7640557830
1944.9416934465	-3.5866705961
1945.0250267798	-3.1721203892
1945.1083601131	-3.2551053828
1945.1916934465	-4.1871850779
1945.2750267798	-4.3969078376
1945.3583601131	-4.6526054569
1945.4416934465	-3.4521767948
1945.5250267798	-3.0921604272
1945.6083601131	-2.1955360657
1945.6916934465	-2.0782089522
1945.7750267798	-1.1738856074
1945.8583601131	-0.9382281302
1945.9416934465	-0.6819526852
1946.0250267798	0.2446999729
1946.1083601131	1.2414456525
1946.1916934465	1.0514590375
1946.2750267798	0.6702186357
1946.3583601131	0.5387575418
1946.4416934465	0.8715492531
1946.5250267798	0.9486324919
1946.6083601131	1.2063040321
1946.6916934465	1.1247279279
1946.7750267798	1.0677990910
1946.8583601131	0.3579580544
1946.9416934465	-0.1883287669
1947.0250267798	-0.5638869251
1947.1083601131	-1.6819460002
1947.1916934465	-1.9189359947
1947.2750267798	-4.0241981452
1947.3583601131	-4.3974458575
1947.4416934465	-4.8855403234
1947.5250267798	-2.5060089678
1947.6083601131	-0.7011698054
1947.6916934464	1.3916261867
1947.7750267798	2.2902968144
1947.8583601131	2.2814686653
1947.9416934464	1.9816801117
1948.0250267798	1.1362450525
1948.1083601131	0.7518366680
1948.1916934464	0.3731263615
1948.2750267798	0.1612495252
1948.3583601131	-1.0216569081
1948.4416934464	-1.4914469347
1948.5250267798	-0.6812665754
1948.6083601131	-0.0459069233
1948.6916934464	0.6627070320
1948.7750267798	-1.2763130829
1948.8583601131	-0.1866526838
1948.9416934464	-0.3593193762
1949.0250267798	-0.0366280476
1949.1083601131	-1.1288599368
1949.1916934464	-1.6880106819
1949.2750267798	-2.0282459490
1949.3583601131	-2.9545485439
1949.4416934464	-4.7151177649
1949.5250267798	-6.3738051978
1949.6083601131	-7.3078977120
1949.6916934464	-8.6011788571
1949.7750267798	-8.3881446682
1949.8583601131	-8.2471524451
1949.9416934464	-7.5434615372
1950.0250267798	-7.3325531079
1950.1083601131	-7.5472287123
1950.1916934464	-6.4003767249
1950.2750267798	-6.4208650477
1950.3583601131	-6.3251771089
1950.4416934464	-7.8164302558
1950.5250267798	-8.3293899914
1950.6083601131	-8.2586378595
1950.6916934464	-6.4971787978
1950.7750267798	-4.5771602393
1950.8583601131	-2.3166892865
1950.9416934464	-0.6176403773
1951.0250267798	0.3298799219
1951.1083601131	2.0727978588
1951.1916934464	3.7129762460
1951.2750267798	5.3797527852
1951.3583601131	5.6399810153
1951.4416934464	5.5023357323
1951.5250267798	5.5616603495
1951.6083601131	4.6899529689
1951.6916934464	3.6721879551
1951.7750267798	1.9852983507
1951.8583601131	1.6829999864
1951.9416934464	-0.0274933387
1952.0250267798	-1.2605206215
1952.1083601131	-3.0279351816
1952.1916934464	-2.7670788960
1952.2750267798	-2.1548750610
1952.3583601131	-1.1034861967
1952.4416934464	-0.9247187164
1952.5250267798	-0.6731346060
1952.6083601131	0.0527887973
1952.6916934464	1.2412962395
1952.7750267798	2.4811271149
1952.8583601131	3.1595259365
1952.9416934464	3.7742044837
1953.0250267798	3.8608296672
1953.1083601131	3.1887593021
1953.1916934464	2.5204034847
1953.2750267798	3.1273836043
1953.3583601131	2.7261291674
1953.4416934464	2.6384855573
1953.5250267798	1.5236153529
1953.6083601131	1.6330649576
1953.6916934464	1.5226029947
1953.7750267798	0.9861229240
1953.8583601131	-0.2634165778
1953.9416934464	-1.7834359008
1954.0250267798	-3.1639753646
1954.1083601131	-4.2724168761
1954.1916934464	-5.2921589196
1954.2750267798	-5.6400780430
1954.3583601131	-5.4943325463
1954.4416934464	-5.2943320904
1954.5250267798	-5.5069477768
1954.6083601131	-4.7508723901
1954.6916934464	-4.8204730710
1954.7750267798	-4.4156176832
1954.8583601131	-5.2145129912
1954.9416934464	-5.9857372139
1955.0250267798	-7.0934758374
1955.1083601131	-8.3136565397
1955.1916934464	-7.8569015996
1955.2750267798	-8.1525335413
1955.3583601131	-8.4739886294
1955.4416934464	-10.0608552550
1955.5250267798	-10.1970148994
1955.6083601131	-9.6224507050
1955.6916934464	-8.1031059248
1955.7750267798	-7.1160739083
1955.8583601131	-6.1950036624
1955.9416934464	-5.5864698506
1956.0250267798	-5.3745444147
1956.1083601131	-5.5997350149
1956.1916934464	-5.8183667875
1956.2750267798	-5.6159848517
1956.3583601131	-5.4370845943
1956.4416934464	-5.3574822429
1956.5250267798	-4.9860500385
1956.6083601131	-4.0948560101
1956.6916934464	-2.5149130977
1956.7750267798	-0.7768164153
1956.8583601131	0.9976583260
1956.9416934464	2.3493683530
1957.0250267798	3.0162432303
1957.1083601131	3.5682594204
1957.1916934464	4.2057386459
1957.2750267798	4.5516176889
1957.3583601131	4.6758829625
1957.4416934464	5.5235980312
1957.5250267798	6.5006655186
1957.6083601131	8.4032401185
1957.6916934464	8.4001737212
1957.7750267798	7.8216626365
1957.8583601131	4.9074684581
1957.9416934464	3.0050487568
1958.0250267798	1.5080130676
1958.1083601131	0.9743632568
1958.1916934464	0.4699190250
1958.2750267798	-0.2285204026
1958.3583601131	-0.0628100267
1958.4416934464	0.2442651478
1958.5250267798	1.7749251560
1958.6083601131	2.6871606272
1958.6916934464	3.5645379456
1958.7750267798	2.4887087242
1958.8583601131	1.8799689976
1958.9416934464	0.5213718906
1959.0250267798	0.1864711104
1959.1083601131	-0.4791766044
1959.1916934464	-1.0221369967
1959.2750267798	-1.8290786175
1959.3583601131	-1.7157829121
1959.4416934464	-1.8214447970
1959.5250267798	-1.1140242615
1959.6083601131	-0.9900863396
1959.6916934464	-0.8035405937
1959.7750267798	-0.8919076722
1959.8583601131	-1.0799230324
1959.9416934464	-0.7266240203
1960.0250267798	-0.6332291798
1960.1083601131	-1.1387248906
1960.1916934464	-1.2149458655
1960.2750267798	-1.1705545665
1960.3583601131	-0.6760315823
1960.4416934464	-1.2016629494
1960.5250267798	-1.1175003768
1960.6083601131	-0.6125488473
1960.6916934464	0.1112846465
1960.7750267798	0.9210089522
1960.8583601131	0.7170027306
1960.9416934464	0.6990104220
1961.0250267798	0.4219507736
1961.1083601131	-0.1697655943
1961.1916934464	-0.4029277100
1961.2750267798	-1.5991352325
1961.3583601131	-2.3660934698
1961.4416934464	-2.9437090565
1961.5250267798	-3.0170836381
1961.6083601131	-2.6224123630
1961.6916934464	-1.7648830717
1961.7750267798	-1.4627939461
1961.8583601131	-1.2278198304
1961.9416934464	-2.3049672725
1962.0250267798	-2.1932715519
1962.1083601131	-2.1534145914
1962.1916934464	-1.5485703508
1962.2750267798	-2.2447776856
1962.3583601131	-2.5077234303
1962.4416934464	-3.0361618934
1962.5250267798	-2.6907901408
1962.6083601131	-2.7484041186
1962.6916934464	-2.3507452545
1962.7750267798	-1.8907923920
1962.8583601131	-1.1559160683
1962.9416934464	-0.5414971966
1963.0250267798	0.4704614203
1963.1083601131	2.0965946189
1963.1916934464	3.9384046688
1963.2750267798	4.9584488675
1963.3583601131	5.7692091711
1963.4416934464	5.7155294115
1963.5250267798	6.4504772715
1963.6083601131	5.5900236381
1963.6916934464	4.5923292511
1963.7750267798	1.6986885096
1963.8583601131	-0.9188485033
1963.9416934464	-3.1257758757
1964.0250267798	-4.3945523474
1964.1083601131	-4.7284408247
1964.1916934464	-5.2876488972
1964.2750267798	-5.6017092759
1964.3583601131	-6.0256188376
1964.4416934464	-5.8721637463
1964.5250267798	-5.3579285219
1964.6083601131	-4.2218385976
1964.6916934464	-2.9784145194
1964.7750267798	-1.9182707118
1964.8583601131	-0.6820082886
1964.9416934464	0.6598505023
1965.0250267798	2.7066035732
1965.1083601131	4.7197680271
1965.1916934464	6.6645981904
1965.2750267798	8.1056326566
1965.3583601131	8.8911760853
1965.4416934464	9.4691414348
1965.5250267798	9.0694247925
1965.6083601131	8.5410945327
1965.6916934464	6.9473354395
1965.7750267798	6.4533676331
1965.8583601131	4.9447181351
1965.9416934464	3.4071988801
1966.0250267798	1.6498909792
1966.1083601131	0.9287228433
1966.1916934464	0.5669025652
1966.2750267798	0.3340474726
1966.3583601131	0.0506262604
1966.4416934464	-0.5873806605
1966.5250267798	-1.2620079955
1966.6083601131	-3.0723980650
1966.6916934464	-3.6182842238
1966.7750267798	-3.9084589755
1966.8583601131	-2.9682778036
1966.9416934464	-1.9730702637
1967.0250267798	-1.3696450963
1967.1083601131	-0.8819299657
1967.1916934464	-1.1370341288
1967.2750267798	-1.7830687981
1967.3583601131	-1.9548216429
1967.4416934464	-1.8147121555
1967.5250267798	-1.4456403449
1967.6083601131	-2.2849256674
1967.6916934464	-3.3288711023
1967.7750267798	-3.9875411697
1967.8583601131	-3.6380234255
1967.9416934464	-3.3800288852
1968.0250267798	-2.0503358607
1968.1083601131	-0.7366474818
1968.1916934464	1.1635506166
1968.2750267798	1.3863786289
1968.3583601131	1.6391988299
1968.4416934464	2.6475736580
1968.5250267798	3.8056854432
1968.6083601131	5.1597542560
1968.6916934464	5.5737150616
1968.7750267798	5.3384016757
1968.8583601131	4.1976954275
1968.9416934464	3.0265714659
1969.0250267798	2.4545910664
1969.1083601131	2.1532384024
1969.1916934464	2.5576860761
1969.2750267798	3.0809442051
1969.3583601131	3.9355651724
1969.4416934464	4.1508525600
1969.5250267798	4.3284005644
1969.6083601131	4.3850701311
1969.6916934464	3.9533607705
1969.7750267798	2.9923899800
1969.8583601131	1.8061021628
1969.9416934464	0.7187501391
1970.0250267798	-0.3741682531
1970.1083601131	-2.3227827167
1970.1916934464	-4.2929731369
1970.2750267798	-5.6748173781
1970.3583601131	-5.9257311616
1970.4416934464	-6.0764455133
1970.5250267798	-6.8134857183
1970.6083601131	-7.8904103709
1970.6916934464	-8.9096175924
1970.7750267798	-9.0681157197
1970.8583601131	-8.2539487790
1970.9416934464	-6.7033417394
1971.0250267798	-5.1848297900
1971.1083601131	-4.4597818189
1971.1916934464	-4.7072938615
1971.2750267798	-5.1684345570
1971.3583601131	-5.6264580840
1971.4416934464	-5.4429979379
1971.5250267798	-5.3093311378
1971.6083601131	-4.6159938578
1971.6916934464	-3.5657320355
1971.7750267798	-1.8731112175
1971.8583601131	0.1815266358
1971.9416934464	2.3683338338
1972.0250267798	4.1420279508
1972.1083601131	5.5199971060
1972.1916934464	6.7489564657
1972.2750267798	7.7463988696
1972.3583601131	9.1958811943
1972.4416934464	9.8889352585
1972.5250267798	11.7274004255
1972.6083601131	10.9833300954
1972.6916934464	9.8488732152
1972.7750267798	6.1771780590
1972.8583601131	2.9712279717
1972.9416934464	-0.5488032044
1973.0250267798	-3.3125333856
1973.1083601131	-5.3540252206
1973.1916934464	-6.7380200025
1973.2750267798	-8.0142901360
1973.3583601131	-9.0054662260
1973.4416934464	-11.3456951939
1973.5250267798	-12.7909296728
1973.6083601131	-14.1242819907
1973.6916934464	-12.6549363652
1973.7750267798	-11.2300274962
1973.8583601131	-8.5503223617
1973.9416934464	-6.8164307615
1974.0250267798	-4.9182042585
1974.1083601131	-4.5630793355
1974.1916934464	-3.8175710285
1974.2750267798	-3.5251540093
1974.3583601131	-3.4898319776
1974.4416934464	-4.0832354706
1974.5250267798	-4.5772832711
1974.6083601131	-3.6318280431
1974.6916934464	-3.0481377287
1974.7750267798	-3.0286250745
1974.8583601131	-3.9676608068
1974.9416934464	-5.2158483116
1975.0250267798	-6.5256293358
1975.1083601131	-8.0783610041
1975.1916934464	-8.8136554447
1975.2750267798	-9.3872294309
1975.3583601131	-9.6736419997
1975.4416934464	-9.9149831810
1975.5250267798	-10.2564925343
1975.6083601131	-10.6106648125
1975.6916934464	-9.7540384485
1975.7750267798	-7.6001709087
1975.8583601131	-4.4971019251
1975.9416934464	-2.7790922550
1976.0250267798	-0.8512263601
1976.1083601131	0.7191039113
1976.1916934464	2.2779173355
1976.2750267798	3.1051142019
1976.3583601131	3.4612362287
1976.4416934464	3.7792121339
1976.5250267798	3.6015628175
1976.6083601131	3.9303891611
1976.6916934464	3.3921889135
1976.7750267798	3.5589730261
1976.8583601131	1.9982632650
1976.9416934464	1.7444774887
1977.0250267798	1.9208000041
1977.1083601131	3.2849685358
1977.1916934464	3.8957743406
1977.2750267798	3.9260176501
1977.3583601131	4.7639293812
1977.4416934464	6.0461733431
1977.5250267798	7.4322857477
1977.6083601131	7.0510446670
1977.6916934464	6.7053369274
1977.7750267798	4.2121622147
1977.8583601131	1.7418608765
1977.9416934464	-1.7051170646
1978.0250267798	-2.9678153912
1978.1083601131	-3.4093522455
1978.1916934464	-3.0224939946
1978.2750267798	-2.9860754679
1978.3583601131	-2.2817953938
1978.4416934464	-1.3786716086
1978.5250267798	-0.2867702285
1978.6083601131	0.3101219217
1978.6916934464	0.5089660401
1978.7750267798	0.7421621452
1978.8583601131	0.8423397476
1978.9416934464	0.3006768164
1979.0250267798	-0.0767951092
1979.1083601131	-1.1877223796
1979.1916934464	-0.1468600987
1979.2750267798	0.7201556251
1979.3583601131	2.3240385599
1979.4416934464	2.5179918523
1979.5250267798	3.0901240594
1979.6083601131	3.1684288074
1979.6916934464	3.1134830474
1979.7750267798	2.2031662683
1979.8583601131	1.9489724746
1979.9416934464	1.5905539543
1980.0250267798	1.8437110946
1980.1083601131	1.3946356121
1980.1916934464	0.7756022218
1980.2750267798	0.0861356355
1980.3583601131	-0.1901926459
1980.4416934464	0.3129879445
1980.5250267798	0.9045377368
1980.6083601131	0.4442332931
1980.6916934464	-0.1885333493
1980.7750267798	-0.2815390863
1980.8583601131	-0.1171176699
1980.9416934464	-0.3320461165
1981.0250267798	-1.5913169228
1981.1083601131	-2.3035378026
1981.1916934464	-2.0498467996
1981.2750267798	-1.5835722559
1981.3583601131	-0.4334078204
1981.4416934464	-0.7595574332
1981.5250267798	-0.5853866338
1981.6083601131	-1.0468266928
1981.6916934464	-0.5018548858
1981.7750267798	-0.3788210270
1981.8583601131	0.7861325744
1981.9416934464	2.6204064189
1982.0250267798	5.0808286223
1982.1083601131	6.4403682350
1982.1916934464	7.4991234680
1982.2750267798	8.5149476966
1982.3583601131	10.9651145595
1982.4416934464	13.3847850165
1982.5250267798	15.4956994164
1982.6083601131	17.0365242660
1982.6916934464	17.3375676160
1982.7750267798	15.5293195880
1982.8583601131	11.6599332973
1982.9416934464	8.1491957729
1983.0250267798	5.6219893249
1983.1083601131	3.4081400620
1983.1916934464	1.2747221599
1983.2750267798	-1.0813831383
1983.3583601131	-2.8250769339
1983.4416934464	-4.3580248768
1983.5250267798	-4.9004831554
1983.6083601131	-4.4210720018
1983.6916934464	-3.7737602600
1983.7750267798	-2.7326630275
1983.8583601131	-2.3728615198
1983.9416934464	-2.3035182156
1984.0250267798	-3.0215308898
1984.1083601131	-2.8476932875
1984.1916934464	-2.4972442389
1984.2750267797	-1.8331611603
1984.3583601131	-2.3711868656
1984.4416934464	-3.6197733774
1984.5250267797	-5.7557296412
1984.6083601131	-5.9660264785
1984.6916934464	-6.1751800512
1984.7750267797	-5.3851747262
1984.8583601131	-5.9053223118
1984.9416934464	-5.3580196891
1985.0250267797	-4.5163884786
1985.1083601131	-3.5178850883
1985.1916934464	-2.9079735563
1985.2750267797	-2.7293345625
1985.3583601131	-2.6637561969
1985.4416934464	-2.5757577002
1985.5250267797	-2.2249088166
1985.6083601131	-2.8480483205
1985.6916934464	-2.6449744302
1985.7750267797	-2.7782277982
1985.8583601131	-2.0744428375
1985.9416934464	-2.1375019404
1986.0250267797	-1.7756067982
1986.1083601131	-0.6352104036
1986.1916934464	0.6054658928
1986.2750267797	2.2298171386
1986.3583601131	3.6608440232
1986.4416934464	5.5286215306
1986.5250267797	6.7788999440
1986.6083601131	7.7444682401
1986.6916934464	8.2529966287
1986.7750267797	8.8920487009
1986.8583601131	8.5871165338
1986.9416934464	8.0877181137
1987.0250267797	7.7880008861
1987.1083601131	8.4359767403
1987.1916934464	9.1312229561
1987.2750267797	9.2258890246
1987.3583601131	8.6923276094
1987.4416934464	7.8630474465
1987.5250267797	6.9528070403
1987.6083601131	5.7160794524
1987.6916934464	4.2335135981
1987.7750267797	2.4657525805
1987.8583601131	0.4548069217
1987.9416934464	-2.3796336404
1988.0250267797	-5.1409576906
1988.1083601131	-7.6235179453
1988.1916934464	-8.6859166754
1988.2750267797	-9.4172917604
1988.3583601131	-10.4510367322
1988.4416934464	-11.8225803273
1988.5250267797	-12.5053675518
1988.6083601131	-12.1116703575
1988.6916934464	-10.4516418738
1988.7750267797	-9.2489503227
1988.8583601131	-7.9054384095
1988.9416934464	-6.9285319904
1989.0250267797	-5.3470907222
1989.1083601131	-3.9250621232
1989.1916934464	-2.9727458763
1989.2750267797	-2.6837009766
1989.3583601131	-2.3314970811
1989.4416934464	-1.7427609525
1989.5250267797	-0.4206527659
1989.6083601131	0.7978119853
1989.6916934464	2.6192287490
1989.7750267797	2.5997600915
1989.8583601131	2.4652505010
1989.9416934464	1.0684103395
1990.0250267797	0.6529766306
1990.1083601131	0.5999467999
1990.1916934464	1.0198402310
1990.2750267797	1.5128884449
1990.3583601131	1.5085095182
1990.4416934464	1.2320223376
1990.5250267797	1.2754740692
1990.6083601131	1.8926609478
1990.6916934464	2.4070786996
1990.7750267797	2.7273986658
1990.8583601131	2.6262975103
1990.9416934464	3.1091408812
1991.0250267797	3.6051476042
1991.1083601131	4.2047054331
1991.1916934464	4.2609569636
1991.2750267797	3.9547268405
1991.3583601131	4.7848234022
1991.4416934464	6.3422744855
1991.5250267797	8.9815242683
1991.6083601131	11.0534228838
1991.6916934464	11.7112349742
1991.7750267797	11.4499289735
1991.8583601131	10.0291329690
1991.9416934464	8.8030315031
1992.0250267797	6.5380200742
1992.1083601131	4.3824195620
1992.1916934464	2.0477882029
1992.2750267797	0.7546523821
1992.3583601131	0.0809251196
1992.4416934464	0.3379272144
1992.5250267797	0.8691625805
1992.6083601131	1.8703150352
1992.6916934464	2.9825575110
1992.7750267797	3.9849505384
1992.8583601131	5.2263776425
1992.9416934464	5.9166688618
1993.0250267797	6.2733179458
1993.1083601131	5.0874995898
1993.1916934464	4.1429809943
1993.2750267797	3.1669111364
1993.3583601131	3.0671966990
1993.4416934464	2.5208946175
1993.5250267797	1.9516864322
1993.6083601131	1.2979659422
1993.6916934464	0.8694498463
1993.7750267797	1.2320650732
1993.8583601131	1.6260958567
1993.9416934464	2.3673360472
1994.0250267797	2.8454456872
1994.1083601131	3.2672277038
1994.1916934464	4.2255587268
1994.2750267797	4.5408659152
1994.3583601131	5.6059343300
1994.4416934464	6.1342408105
1994.5250267797	7.3425425742
1994.6083601131	7.0903516990
1994.6916934464	6.4877688508
1994.7750267797	4.7169548355
1994.8583601131	3.5138721585
1994.9416934464	1.9965167542
1995.0250267797	1.3366125180
1995.1083601131	0.4462537680
1995.1916934464	-0.3761828973
1995.2750267797	-1.6134895187
1995.3583601131	-2.5986721731
1995.4416934464	-3.3819943070
1995.5250267797	-3.4462505498
1995.6083601131	-3.8420970487
1995.6916934464	-3.7083570239
1995.7750267797	-3.6337270834
1995.8583601131	-3.0374004864
1995.9416934464	-2.5567524569
1996.0250267797	-2.1054446138
1996.1083601131	-1.8264405780
1996.1916934464	-1.8613993397
1996.2750267797	-2.2048396995
1996.3583601131	-2.4343658302
1996.4416934464	-2.2299073442
1996.5250267797	-2.6683529162
1996.6083601131	-2.5640871716
1996.6916934464	-2.6131049856
1996.7750267797	-0.6855247540
1996.8583601131	1.4257080151
1996.9416934464	4.3286425695
1997.0250267797	6.6997080177
1997.1083601131	8.7456857420
1997.1916934464	10.8227709996
1997.2750267797	12.3315754131
1997.3583601131	13.6436050642
1997.4416934464	14.3795228502
1997.5250267797	14.7593089831
1997.6083601131	15.6297751908
1997.6916934464	15.4414260317
1997.7750267797	14.2121616372
1997.8583601131	10.5542875186
1997.9416934464	6.5849822107
1998.0250267797	1.9174493799
1998.1083601131	-1.8023718766
1998.1916934464	-4.5744169420
1998.2750267797	-5.4820837866
1998.3583601131	-6.3486360471
1998.4416934464	-7.3020987349
1998.5250267797	-8.5577408965
1998.6083601131	-9.2508522625
1998.6916934464	-9.2474455803
1998.7750267797	-7.9332313183
1998.8583601131	-6.2953463133
1998.9416934464	-4.8978426207
1999.0250267797	-4.4788305620
1999.1083601131	-4.2448247641
1999.1916934464	-4.4840206920
1999.2750267797	-4.5834461600
1999.3583601131	-5.3918372709
1999.4416934464	-6.5676818289
1999.5250267797	-8.1934311322
1999.6083601131	-9.2469601723
1999.6916934464	-9.5673990707
1999.7750267797	-8.7796948492
1999.8583601131	-7.0338046749
1999.9416934464	-5.0978954677
2000.0250267797	-3.7348606725
2000.1083601131	-3.1639141646
2000.1916934464	-2.9314391110
2000.2750267797	-3.2066117695
2000.3583601131	-3.8431682357
2000.4416934464	-4.9553040860
2000.5250267797	-5.8618388186
2000.6083601131	-6.0792101620
2000.6916934464	-5.6528493455
2000.7750267797	-4.1627653509
2000.8583601131	-2.7500428585
2000.9416934464	-1.2377759962
2001.0250267797	-0.5169411176
2001.1083601131	0.0937723570
2001.1916934464	0.3861874554
2001.2750267797	-0.2231665607
2001.3583601131	-0.7248392127
2001.4416934464	-1.4818084864
2001.5250267797	-1.4355176724
2001.6083601131	-1.2834443242
2001.6916934464	-0.7491056825
2001.7750267797	0.5464911737
2001.8583601131	1.2585375618
2001.9416934464	2.2486110136
2002.0250267797	3.1644693183
2002.1083601131	4.0792656333
2002.1916934464	4.9038325332
2002.2750267797	5.0009088668
2002.3583601131	5.8840623736
2002.4416934464	6.8640619042
2002.5250267797	8.0951586433
2002.6083601131	7.7053439212
2002.6916934464	6.4811877883
2002.7750267797	4.7336760573
2002.8583601131	3.0978946740
2002.9416934464	0.9875239504
2003.0250267797	-0.1800888970
2003.1083601131	-0.2522671539
2003.1916934464	0.5612979715
2003.2750267797	0.8703811638
2003.3583601131	1.2545538870
2003.4416934464	1.9959115438
2003.5250267797	1.7779285257
2003.6083601131	1.9908642904
2003.6916934464	1.2324507069
2003.7750267797	0.8740765163
2003.8583601131	0.6961312414
2003.9416934464	0.6578083970
2004.0250267797	1.7717681033
2004.1083601131	2.1664248152
2004.1916934464	3.4361138786
2004.2750267797	3.9531631229
2004.3583601131	4.3744731408
2004.4416934464	4.2509505725
2004.5250267797	4.8267858971
2004.6083601131	4.5467317190
2004.6916934464	5.0590420829
2004.7750267797	3.9296236912
2004.8583601131	3.6076286023
2004.9416934464	2.6612602448
2005.0250267797	2.2544971871
2005.1083601131	1.3706635931
2005.1916934464	0.5011122179
2005.2750267797	-0.2682203539
2005.3583601131	-0.8166188166
2005.4416934464	-1.7478098135
2005.5250267797	-2.6859471650
2005.6083601131	-4.5030657359
2005.6916934464	-4.9164604351
2005.7750267797	-5.2670798684
2005.8583601131	-3.5696473752
2005.9416934464	-1.8999690437
2006.0250267797	0.4422807365
2006.1083601131	1.7352233472
2006.1916934464	2.9110982829
2006.2750267797	3.6413079700
2006.3583601131	4.9519443312
2006.4416934464	5.3353424206
2006.5250267797	6.0321458773
2006.6083601131	5.4403077851
2006.6916934464	4.0277937262
2006.7750267797	1.8383927759
2006.8583601131	0.3888304773
2006.9416934464	-0.4829456543
2007.0250267797	-0.7622194322
2007.1083601131	-1.0778154477
2007.1916934464	-1.6921682665
2007.2750267797	-3.3825064906
2007.3583601131	-5.8032889902
2007.4416934464	-8.0978727370
2007.5250267797	-9.8281179671
2007.6083601131	-10.8040266027
2007.6916934464	-11.1795446001
2007.7750267797	-9.5323652117
2007.8583601131	-7.2523855525
2007.9416934464	-4.4569144091
2008.0250267797	-3.1889060441
2008.1083601131	-1.9469983017
2008.1916934464	-1.4924621141
2008.2750267797	-1.8058189116
2008.3583601131	-2.6251216566
2008.4416934464	-3.4613258722
2008.5250267797	-4.6071153735
2008.6083601131	-5.5331886900
2008.6916934464	-6.0269274983
2008.7750267797	-4.8575226855
2008.8583601131	-3.3412936977
2008.9416934464	-1.2026012721
2009.0250267797	0.8791004905
2009.1083601131	2.4980011441
2009.1916934464	3.5092440178
2009.2750267797	3.7152201376
2009.3583601131	4.8380375458
2009.4416934464	6.3535132042
2009.5250267797	8.8036836280
2009.6083601131	9.6303939030
2009.6916934464	9.2512203377
2009.7750267797	7.6074125592
2009.8583601131	5.1630826024
2009.9416934464	1.9038525257
2010.0250267797	-1.4151769908
2010.1083601131	-4.4655661992
2010.1916934464	-6.8129949644
2010.2750267797	-9.0974024115
2010.3583601131	-10.4768256029
2010.4416934464	-10.9277266264
2010.5250267797	-11.5522900397
2010.6083601131	-11.7647177036
2010.6916934464	-11.5210489083
2010.7750267797	-9.6817526793
2010.8583601131	-7.3160950555
2010.9416934464	-4.9489969883
2011.0250267797	-2.8959822604
2011.1083601131	-1.9367041428
2011.1916934464	-2.2015188139
2011.2750267797	-3.5651066531
2011.3583601131	-5.0611178900
2011.4416934464	-6.3130785379
2011.5250267797	-7.2518093778
2011.6083601131	-6.9423869596
2011.6916934464	-5.4183130630
2011.7750267797	-3.6099616674
2011.8583601131	-1.8042354395
2011.9416934464	-1.0084062000
2012.0250267797	0.4829858247
2012.1083601131	1.3878549812
2012.1916934464	2.8203260409
2012.2750267797	2.8197409754
2012.3583601131	2.4740625103
2012.4416934464	1.7720213473
2012.5250267797	1.2446288094
2012.6083601131	0.0124620275
2012.6916934464	-1.1132421173
2012.7750267797	-1.8691646880
2012.8583601131	-1.4296212800
2012.9416934464	-1.7322633472
2013.0250267797	-1.9827294479
2013.1083601131	-2.3617810325
2013.1916934464	-1.9308766414
2013.2750267797	-1.4323563467
2013.3583601131	-1.0909666799
2013.4416934464	-1.2003494269
2013.5250267797	-1.0330284314
2013.6083601131	-1.5506326346
2013.6916934464	-1.7092706559
2013.7750267797	-1.1592890777
2013.8583601131	0.0046029738
2013.9416934464	1.4587026277
2014.0250267797	2.2313784334
2014.1083601131	2.5693347815
2014.1916934464	2.6604358365
2014.2750267797	2.6825646768
2014.3583601131	3.3375678559
2014.4416934464	4.4735256064
2014.5250267797	4.9363161487
2014.6083601131	5.1757143739
2014.6916934464	4.3850397391
2014.7750267797	4.2689523954
2014.8583601131	4.6424745812
2014.9416934464	5.8739200314
2015.0250267797	7.2789897974
2015.1083601131	8.9343733832
2015.1916934464	10.7367542774
2015.2750267797	12.0486250351
2015.3583601131	13.0359720958
2015.4416934464	13.7233224159
2015.5250267797	14.5353814994
2015.6083601131	15.4762680596
2015.6916934464	15.1222348495
2015.7750267797	13.1190558493
2015.8583601131	9.8170090852
2015.9416934464	5.8362858532
2016.0250267797	2.7583905865
2016.1083601131	-0.1252469833
2016.1916934464	-1.6868152965
2016.2750267797	-2.7274849148
2016.3583601131	-3.1620827721
2016.4416934464	-3.2306489363
2016.5250267797	-2.9905405983
2016.6083601131	-2.4614803543
2016.6916934464	-1.2722536870
2016.7750267797	-0.6185669790
2016.8583601131	0.6602410371
2016.9416934464	1.0132047272
2017.0250267797	1.8468712352
2017.1083601131	1.3117710161
2017.1916934464	0.2784024132
2017.2750267797	-1.4822931177
