1953.03549	0.22
1953.118824	0.21
1953.202157	0.19
1953.28549	0.14
1953.368824	0.11
1953.452157	0.08
1953.53549	0.07
1953.618824	0.05
1953.702157	0.028
1953.78549	0.01
1953.868824	-0.015
1953.952157	-0.06
1954.03549	-0.11
1954.118824	-0.16
1954.202157	-0.2
1954.28549	-0.22
1954.368824	-0.235
1954.452157	-0.23
1954.53549	-0.245
1954.618824	-0.25
1954.702157	-0.185
1954.78549	-0.1
1954.868824	0.06
1954.952157	0.075
1955.03549	0.105
1955.118824	0.108
1955.202157	0.105
1955.28549	0.145
1955.368824	0.19
1955.452157	0.185
1955.53549	0.19
1955.618824	0.211
1955.702157	0.18
1955.78549	0.163
1955.868824	0.066
1955.952157	0.059
1956.03549	-0.022
1956.118824	-0.062
1956.202157	-0.112
1956.28549	-0.224
1956.368824	-0.222
1956.452157	-0.252
1956.53549	-0.249
1956.618824	-0.266
1956.702157	-0.282
1956.78549	-0.276
1956.868824	-0.246
1956.952157	-0.084
1957.03549	-0.021
1957.118824	-0.013
1957.202157	0.092
1957.28549	0.12
1957.368824	0.137
1957.452157	0.141
1957.53549	0.147
1957.618824	0.16
1957.702157	0.18
1957.78549	0.144
1957.868824	0.117
1957.952157	0.11
1958.03549	0.06
1958.118824	0.049
1958.202157	0.037
1958.28549	-0.063
1958.368824	-0.197
1958.452157	-0.204
1958.53549	-0.233
1958.618824	-0.257
1958.702157	-0.277
1958.78549	-0.304
1958.868824	-0.337
1958.952157	-0.33
1959.03549	-0.267
1959.118824	-0.258
1959.202157	-0.255
1959.28549	-0.217
1959.368824	-0.06
1959.452157	0.135
1959.53549	0.207
1959.618824	0.193
1959.702157	0.19
1959.78549	0.127
1959.868824	0.083
1959.952157	0.04
1960.03549	-0.002
1960.118824	-0.018
1960.202157	-0.046
1960.28549	-0.124
1960.368824	-0.182
1960.452157	-0.252
1960.53549	-0.26
1960.618824	-0.256
1960.702157	-0.255
1960.78549	-0.249
1960.868824	-0.208
1960.952157	-0.155
1961.03549	-0.013
1961.118824	0.029
1961.202157	0.038
1961.28549	0.114
1961.368824	0.142
1961.452157	0.181
1961.53549	0.14
1961.618824	0.126
1961.702157	0.089
1961.78549	0.098
1961.868824	0.125
1961.952157	0.069
1962.03549	0.055
1962.118824	0.069
1962.202157	0.049
1962.28549	-0.027
1962.368824	-0.161
1962.452157	-0.228
1962.53549	-0.252
1962.618824	-0.275
1962.702157	-0.28
1962.78549	-0.311
1962.868824	-0.302
1962.952157	-0.292
1963.03549	-0.282
1963.118824	-0.333
1963.202157	-0.346
1963.28549	-0.328
1963.368824	-0.317
1963.452157	-0.215
1963.53549	-0.015
1963.618824	0.036
1963.702157	0.085
1963.78549	0.065
1963.868824	0.07
1963.952157	0.07
1964.03549	0.035
1964.118824	0.02
1964.202157	0.054
1964.28549	0.064
1964.368824	0.068
1964.452157	0.061
1964.53549	0.027
1964.618824	0.037
1964.702157	0.02
1964.78549	0.032
1964.868824	0.015
1964.952157	0.019
1965.03549	0.007
1965.118824	-0.012
1965.202157	-0.037
1965.28549	-0.157
1965.368824	-0.242
1965.452157	-0.268
1965.53549	-0.287
1965.618824	-0.291
1965.702157	-0.321
1965.78549	-0.319
1965.868824	-0.344
1965.952157	-0.329
1966.03549	-0.302
1966.118824	-0.207
1966.202157	-0.07
1966.28549	0.057
1966.368824	0.136
1966.452157	0.16
1966.53549	0.148
1966.618824	0.153
1966.702157	0.182
1966.78549	0.16
1966.868824	0.144
1966.952157	0.148
1967.03549	0.148
1967.118824	0.145
1967.202157	0.105
1967.28549	0.101
1967.368824	0.053
1967.452157	-0.06
1967.53549	-0.165
1967.618824	-0.15
1967.702157	-0.166
1967.78549	-0.159
1967.868824	-0.197
1967.952157	-0.249
1968.03549	-0.196
1968.118824	-0.208
1968.202157	-0.253
1968.28549	-0.258
1968.368824	-0.232
1968.452157	-0.265
1968.53549	-0.314
1968.618824	-0.308
1968.702157	-0.319
1968.78549	-0.313
1968.868824	-0.207
1968.952157	-0.138
1969.03549	0.004
1969.118824	0.061
1969.202157	0.104
1969.28549	0.151
1969.368824	0.151
1969.452157	0.14
1969.53549	0.151
1969.618824	0.138
1969.702157	0.104
1969.78549	0.088
1969.868824	0.003
1969.952157	-0.054
1970.03549	-0.096
1970.118824	-0.147
1970.202157	-0.166
1970.28549	-0.229
1970.368824	-0.258
1970.452157	-0.294
1970.53549	-0.29
1970.618824	-0.306
1970.702157	-0.327
1970.78549	-0.329
1970.868824	-0.312
1970.952157	-0.189
1971.03549	-0.032
1971.118824	0.045
1971.202157	0.102
1971.28549	0.118
1971.368824	0.132
1971.452157	0.135
1971.53549	0.2
1971.618824	0.16
1971.702157	0.122
1971.78549	0.134
1971.868824	0.125
1971.952157	0.112
1972.03549	0.095
1972.118824	0.074
1972.202157	0.083
1972.28549	0.04
1972.368824	-0.187
1972.452157	-0.231
1972.53549	-0.246
1972.618824	-0.25
1972.702157	-0.273
1972.78549	-0.269
1972.868824	-0.284
1972.952157	-0.172
1973.03549	0.058
1973.118824	0.117
1973.202157	0.106
1973.28549	0.104
1973.368824	0.138
1973.452157	0.132
1973.53549	0.103
1973.618824	0.098
1973.702157	0.085
1973.78549	0.085
1973.868824	0.045
1973.952157	0.01
1974.03549	-0.014
1974.118824	-0.029
1974.202157	-0.031
1974.28549	-0.129
1974.368824	-0.225
1974.452157	-0.267
1974.53549	-0.282
1974.618824	-0.304
1974.702157	-0.298
1974.78549	-0.288
1974.868824	-0.292
1974.952157	-0.3
1975.03549	-0.305
1975.118824	-0.24
1975.202157	-0.085
1975.28549	0.05
1975.368824	0.093
1975.452157	0.171
1975.53549	0.17
1975.618824	0.153
1975.702157	0.152
1975.78549	0.145
1975.868824	0.15
1975.952157	0.157
1976.03549	0.129
1976.118824	0.124
1976.202157	0.123
1976.28549	0.099
1976.368824	0.03
1976.452157	-0.146
1976.53549	-0.22
1976.618824	-0.248
1976.702157	-0.205
1976.78549	-0.257
1976.868824	-0.23
1976.952157	-0.257
1977.03549	-0.27
1977.118824	-0.268
1977.202157	-0.275
1977.28549	-0.285
1977.368824	-0.28
1977.452157	-0.266
1977.53549	-0.14
1977.618824	-0.091
1977.702157	0.044
1977.78549	0.088
1977.868824	0.12
1977.952157	0.17
1978.03549	0.185
1978.118824	0.149
1978.202157	0.128
1978.28549	0.114
1978.368824	0.115
1978.452157	0.1
1978.53549	0.085
1978.618824	0.075
1978.702157	0.093
1978.78549	0.055
1978.868824	0.048
1978.952157	0.02
1979.03549	0.037
1979.118824	0.065
1979.202157	-0.075
1979.28549	-0.147
1979.368824	-0.236
1979.452157	-0.256
1979.53549	-0.264
1979.618824	-0.284
1979.702157	-0.274
1979.78549	-0.28
1979.868824	-0.271
1979.952157	-0.155
1980.03549	0.027
1980.118824	0.034
1980.202157	0.094
1980.28549	0.117
1980.368824	0.124
1980.452157	0.153
1980.53549	0.159
1980.618824	0.151
1980.702157	0.131
1980.78549	0.125
1980.868824	0.107
1980.952157	0.111
1981.03549	0.101
1981.118824	0.091
1981.202157	0.079
1981.28549	0.06
1981.368824	-0.136
1981.452157	-0.241
1981.53549	-0.269
1981.618824	-0.278
1981.702157	-0.281
1981.78549	-0.295
1981.868824	-0.289
1981.952157	-0.302
1982.03549	-0.302
1982.118824	-0.31
1982.202157	-0.316
1982.28549	-0.31
1982.368824	-0.291
1982.452157	-0.283
1982.53549	-0.145
1982.618824	0.072
1982.702157	0.119
1982.78549	0.137
1982.868824	0.117
1982.952157	0.164
1983.03549	0.157
1983.118824	0.151
1983.202157	0.134
1983.28549	0.128
1983.368824	0.108
1983.452157	-0.06
1983.53549	-0.152
1983.618824	-0.177
1983.702157	-0.199
1983.78549	-0.203
1983.868824	-0.252
1983.952157	-0.255
1984.03549	-0.275
1984.118824	-0.283
1984.202157	-0.283
1984.28549	-0.288
1984.368824	-0.321
1984.452157	-0.346
1984.53549	-0.354
1984.618824	-0.34
1984.702157	-0.335
1984.78549	-0.281
1984.868824	-0.022
1984.952157	0.065
1985.03549	0.11
1985.118824	0.087
1985.202157	0.141
1985.28549	0.137
1985.368824	0.139
1985.452157	0.115
1985.53549	0.1
1985.618824	0.085
1985.702157	0.093
1985.78549	0.1
1985.868824	0.102
1985.952157	0.119
1986.03549	0.152
1986.118824	0.148
1986.202157	0.142
1986.28549	0.106
1986.368824	-0.042
1986.452157	-0.194
1986.53549	-0.232
1986.618824	-0.229
1986.702157	-0.234
1986.78549	-0.241
1986.868824	-0.254
1986.952157	-0.267
1987.03549	-0.26
1987.118824	-0.266
1987.202157	-0.271
1987.28549	-0.27
1987.368824	-0.268
1987.452157	-0.247
1987.53549	-0.063
1987.618824	0.092
1987.702157	0.138
1987.78549	0.117
1987.868824	0.077
1987.952157	0.057
1988.03549	0.054
1988.118824	0.046
1988.202157	0.078
1988.28549	0.07
1988.368824	0.05
1988.452157	-0.023
1988.53549	-0.102
1988.618824	-0.063
1988.702157	-0.05
1988.78549	-0.081
1988.868824	-0.101
1988.952157	-0.099
1989.03549	-0.084
1989.118824	-0.04
1989.202157	-0.038
1989.28549	-0.15
1989.368824	-0.25
1989.452157	-0.281
1989.53549	-0.306
1989.618824	-0.3
1989.702157	-0.31
1989.78549	-0.307
1989.868824	-0.306
1989.952157	-0.282
1990.03549	-0.042
1990.118824	-0.032
1990.202157	0.109
1990.28549	0.124
1990.368824	0.124
1990.452157	0.152
1990.53549	0.131
1990.618824	0.135
1990.702157	0.13
1990.78549	0.109
1990.868824	0.11
1990.952157	0.134
1991.03549	0.114
1991.118824	0.127
1991.202157	0.105
1991.28549	0.092
1991.368824	-0.067
1991.452157	-0.209
1991.53549	-0.25
1991.618824	-0.231
1991.702157	-0.215
1991.78549	-0.222
1991.868824	-0.242
1991.952157	-0.253
1992.03549	-0.253
1992.118824	-0.254
1992.202157	-0.26
1992.28549	-0.262
1992.368824	-0.275
1992.452157	-0.268
1992.53549	-0.079
1992.618824	0.008
1992.702157	0.075
1992.78549	0.112
1992.868824	0.141
1992.952157	0.176
1993.03549	0.155
1993.118824	0.164
1993.202157	0.17
1993.28549	0.112
1993.368824	0.108
1993.452157	0.048
1993.53549	-0.01
1993.618824	-0.008
1993.702157	-0.044
1993.78549	-0.111
1993.868824	-0.205
1993.952157	-0.24
1994.03549	-0.251
1994.118824	-0.265
1994.202157	-0.291
1994.28549	-0.298
1994.368824	-0.318
1994.452157	-0.328
1994.53549	-0.338
1994.618824	-0.336
1994.702157	-0.271
1994.78549	-0.009
1994.868824	0.109
1994.952157	0.167
1995.03549	0.178
1995.118824	0.115
1995.202157	0.086
1995.28549	0.11
1995.368824	0.155
1995.452157	0.151
1995.53549	0.125
1995.618824	0.072
1995.702157	0.034
1995.78549	-0.032
1995.868824	-0.131
1995.952157	-0.169
1996.03549	-0.183
1996.118824	-0.202
1996.202157	-0.239
1996.28549	-0.277
1996.368824	-0.307
1996.452157	-0.33
1996.53549	-0.325
1996.618824	-0.346
1996.702157	-0.355
1996.78549	-0.349
1996.868824	-0.284
1996.952157	-0.056
1997.03549	0.022
1997.118824	0.1
1997.202157	0.106
1997.28549	0.151
1997.368824	0.151
1997.452157	0.167
1997.53549	0.141
1997.618824	0.114
1997.702157	0.097
1997.78549	0.075
1997.868824	0.015
1997.952157	-0.049
1998.03549	-0.05
1998.118824	-0.057
1998.202157	-0.127
1998.28549	-0.253
1998.368824	-0.28
1998.452157	-0.297
1998.53549	-0.308
1998.618824	-0.321
1998.702157	-0.311
1998.78549	-0.292
1998.868824	-0.068
1998.952157	0.07
1999.03549	0.099
1999.118824	0.131
1999.202157	0.098
1999.28549	0.14
1999.368824	0.126
1999.452157	0.137
1999.53549	0.111
1999.618824	0.11
1999.702157	0.101
1999.78549	0.091
1999.868824	0.047
1999.952157	0.061
2000.03549	0.074
2000.118824	0.095
2000.202157	0.113
2000.28549	0.061
2000.368824	-0.071
2000.452157	-0.227
2000.53549	-0.282
2000.618824	-0.294
2000.702157	-0.288
2000.78549	-0.275
2000.868824	-0.253
2000.952157	-0.259
2001.03549	-0.284
2001.118824	-0.272
2001.202157	-0.269
2001.28549	-0.309
2001.368824	-0.318
2001.452157	-0.331
2001.53549	-0.349
2001.618824	-0.354
2001.702157	-0.307
2001.78549	-0.136
2001.868824	0.021
2001.952157	0.14
2002.03549	0.118
2002.118824	0.148
2002.202157	0.158
2002.28549	0.129
2002.368824	0.133
2002.452157	0.092
2002.53549	0.103
2002.618824	0.083
2002.702157	0.065
2002.78549	0.041
2002.868824	-0.042
2002.952157	-0.041
2003.03549	-0.014
2003.118824	-0.002
2003.202157	-0.073
2003.28549	-0.194
2003.368824	-0.269
2003.452157	-0.288
2003.53549	-0.313
2003.618824	-0.318
2003.702157	-0.313
2003.78549	-0.312
2003.868824	-0.321
2003.952157	-0.165
2004.03549	-0.016
2004.118824	0.078
2004.202157	0.112
2004.28549	0.126
2004.368824	0.12
2004.452157	0.095
2004.53549	0.09
2004.618824	0.098
2004.702157	0.088
2004.78549	0.073
2004.868824	0.048
2004.952157	0.014
2005.03549	-0.018
2005.118824	0.018
2005.202157	-0.009
2005.28549	-0.178
2005.368824	-0.266
2005.452157	-0.286
2005.53549	-0.309
2005.618824	-0.316
2005.702157	-0.318
2005.78549	-0.32
2005.868824	-0.333
2005.952157	-0.324
2006.03549	-0.288
2006.118824	-0.093
2006.202157	0.083
2006.28549	0.085
2006.368824	0.106
2006.452157	0.123
2006.53549	0.126
2006.618824	0.071
2006.702157	0.109
2006.78549	0.093
2006.868824	0.089
2006.952157	0.073
2007.03549	0.054
2007.118824	0.053
2007.202157	0.014
2007.28549	-0.147
2007.368824	-0.253
2007.452157	-0.297
2007.53549	-0.313
2007.618824	-0.316
2007.702157	-0.321
2007.78549	-0.316
2007.868824	-0.32
2007.952157	-0.265
2008.03549	-0.126
2008.118824	0.038
2008.202157	0.112
2008.28549	0.124
2008.368824	0.124
2008.452157	0.157
2008.53549	0.135
2008.618824	0.118
2008.702157	0.105
2008.78549	0.093
2008.868824	0.075
2008.952157	0.111
2009.03549	0.119
2009.118824	0.155
2009.202157	0.118
2009.28549	0.103
2009.368824	0.032
2009.452157	-0.134
2009.53549	-0.227
2009.618824	-0.218
2009.702157	-0.22
2009.78549	-0.199
2009.868824	-0.252
2009.952157	-0.259
2010.03549	-0.265
2010.118824	-0.272
2010.202157	-0.269
2010.28549	-0.271
2010.368824	-0.263
2010.452157	-0.285
2010.53549	-0.059
2010.618824	0.117
2010.702157	0.134
2010.78549	0.116
2010.868824	0.118
2010.952157	0.083
2011.03549	0.097
2011.118824	0.097
2011.202157	0.101
2011.28549	0.092
2011.368824	0.096
2011.452157	0.07
2011.53549	0.009
2011.618824	0.025
2011.702157	-0.032
2011.78549	-0.075
2011.868824	-0.189
2011.952157	-0.239
2012.03549	-0.238
2012.118824	-0.213
2012.202157	-0.217
2012.28549	-0.257
2012.368824	-0.306
2012.452157	-0.325
2012.53549	-0.326
2012.618824	-0.347
2012.702157	-0.331
2012.78549	-0.336
2012.868824	-0.335
2012.952157	-0.161
2013.03549	-0.047
2013.118824	0.018
2013.202157	0.089
2013.28549	0.102
2013.368824	0.109
2013.452157	0.157
2013.53549	0.147
2013.618824	0.122
2013.702157	0.139
2013.78549	0.119
2013.868824	0.118
2013.952157	0.117
2014.03549	0.148
2014.118824	0.126
2014.202157	0.113
2014.28549	0.088
2014.368824	-0.131
2014.452157	-0.258
2014.53549	-0.307
2014.618824	-0.295
2014.702157	-0.317
2014.78549	-0.323
2014.868824	-0.312
2014.952157	-0.287
2015.03549	-0.278
2015.118824	-0.295
2015.202157	-0.314
2015.28549	-0.311
2015.368824	-0.14
2015.452157	0.075
2015.53549	0.129
2015.618824	0.135
2015.702157	0.162
2015.78549	0.132
2015.868824	0.138
2015.952157	0.089
2016.03549	0.1
2016.118824	0.095
2016.202157	0.021
2016.28549	-0.014
2016.368824	0.053
2016.452157	0.07
2016.53549	0.105
2016.618824	0.157
2016.702157	0.152
2016.78549	0.142
2016.868824	0.157
2016.952157	0.176
2017.03549	0.171
2017.118824	0.177
2017.202157	0.153
2017.28549	0.136
2017.368824	0.058
2017.452157	-0.145
2017.53549	-0.256
2017.618824	-0.256
2017.702157	-0.247
2017.78549	-0.258
2017.868824	-0.271
2017.952157	-0.281
2018.03549	-0.292
2018.118824	-0.278
2018.202157	-0.287
2018.28549	-0.314
2018.368824	-0.315
2018.452157	-0.329
2018.53549	-0.33
2018.618824	-0.31
2018.702157	-0.109
2018.78549	0.044
2018.868824	0.118
2018.952157	0.146
2019.03549	0.144
2019.118824	0.124
2019.202157	0.165
2019.28549	0.136
