offs    0.00000000000
bg      0.00000000000
impA    0.95600212318
impB   -0.00000705287
impC    3.03955926950
delA   -9.01970149623
delB    0.25000000000
asym    0.00000000000
ann1    0.00000000000
ann2    0.00000000000
sem1    0.00000000000
sem2    0.00000000000
year    0.00000000000
IR      0.00000000000
ma     -0.01364419746
mp      0.00032202370
shfT    0.00000000000
init   -0.00000000000
   9.10846048930   0.00511760378  -1.48210967112
  29.53064675082   0.00196941343   2.52478245573
  27.09261953873   0.00304993039   2.00525466820
   6.82354927062   0.00760759699  -2.38483004396
   6.85248206692   0.02603284350   2.57443450875
  13.60611041000   0.01767835120  -0.15706844472
  13.66081618500   0.31067868105  -2.24308874693
3397.64080307470   0.00206084642   0.21708619388
   9.12068594402   0.03526674875  -2.55212673694
  13.77727494000   0.01513942017   1.14884315382
6795.28160614939   0.00133487489  -2.34841859481
  27.55454988000   0.08241055494   2.14295333597
  27.66673720859   0.00639682208  -2.39311965515
  27.44326870576   0.00700524036   0.28919181554
1616.09851046018   0.00310389874   3.55539069670
   6.85939920631   0.01455888057   2.06382442083
   6.83040809250   0.00686041348  -4.59827877553
   9.55687883174   0.01973616646   2.30801944315
   9.13294426107   0.08619643660   3.21537100853
  27.32163237000   0.00240134057   2.25514632438
  27.21222082000   0.00310146324   0.47003507938
   9.18484996000   0.00628150813  -0.00000000003
  14.76532337541   0.02731714913   0.52896845174
  31.81207552278   0.01507867298   1.45999804178
   9.06950090247   0.00000000000  -0.00000000480
  13.63340841926   0.13069198964  -1.28691192541
  26.98503088862   0.00305383643   2.10587564139
ltep   31.11273216354
ltep   49.62033459129
ltep   66.66237744045
ltep   83.41814362130
ltep    7.15758018294
ltep  138.70629509732
ltep 1165.28839181813
ltep   87.56067074144
ltep  142.06620158817
ltep  416.62195310871
ltep    0.54901678295
harm  85
harm  110
harm  90
harm  326
harm  0
