offs    0.00000000000
bg      2.94354842710
impA    0.95155573151
impB   -0.00000058154
ma     -0.01313697338
mp      0.00044185562
shfT    0.00000000000
init    0.00000000000
   9.10846048930   0.00642698321  -1.58144139361
  29.53064675082   0.00265246587   2.97285279732
  27.09261953873   0.00326117957   2.46815681763
   6.82354927062   0.00829606362  -2.67668911368
   6.85248206692   0.02270874658   2.79423182663
  13.60611041000   0.01559339359  -0.24820524472
  13.66081618500   0.31577199864  -2.22499190586
3397.64080307470   0.00087412452   0.36079829624
   9.12068594402   0.03550481099  -2.49454613113
  13.77727494000   0.01236168286   0.95039004893
6795.28160614939   0.00224192011  -2.70122033693
  27.55454988000   0.08210311379   2.15890034981
  27.66673720859   0.00623919263  -2.58608813554
  27.44326870576   0.00666705955   0.34246558425
1616.09851046018   0.00171005027   3.84175279605
   6.85939920631   0.01281085753   1.89981798626
   6.83040809250   0.00775459279  -4.59160988751
   9.55687883174   0.02404921440   2.37946709473
   9.13294426107   0.09496186671   3.16907464682
  27.32163237000   0.00428804720   2.25515670328
  27.21222082000   0.00349419978   0.86845588981
   9.18484996000   0.00551277680  -0.00022015985
  14.76532337541   0.02722701725   0.55175104070
  31.81207552278   0.01443446354   1.40460493962
   9.06950090247   0.00000000000  -0.00000000480
  13.63340841926   0.12777792383  -1.27098898095
  26.98503088862   0.00369057198   2.36085472601
ltep  -19.45721370894
ltep   56.84692904091
ltep   66.36189083439
ltep   84.71933220625
ltep    7.15758018294
ltep  138.70629509732
ltep 1165.28839181813
ltep   87.56067074144
ltep  142.06620158817
ltep  416.62195310871
ltep    0.50980775813
