1957.452154	-0.298165207
1957.535488	-1.0959404
1957.618821	-1.059518926
1957.702154	-1.31195714
1957.785488	-1.556369625
1957.868821	-1.786714831
1957.952154	-0.704749564
1958.035488	-0.481287166
1958.118821	-0.093726366
1958.202154	-1.31094863
1958.285488	-2.78774226
1958.368821	-3.792675874
1958.452154	-2.529062234
1958.535488	-1.726134666
1958.618821	-1.8899471
1958.702154	-1.852540527
1958.785488	-1.777174263
1958.868821	-1.414087292
1958.952154	-1.713698022
1959.035488	-0.553653444
1959.118821	0.52421329
1959.202154	0.922625968
1959.285488	0.59875781
1959.368821	0.343985856
1959.452154	0.932157535
1959.535488	0.755275125
1959.618821	0.209451824
1959.702154	-0.681200355
1959.785488	-0.724093937
1959.868821	-0.86554856
1959.952154	-0.441026078
1960.035488	-0.823087425
1960.118821	0.296221706
1960.202154	0.262883116
1960.285488	1.673822594
1960.368821	0.934319198
1960.452154	1.126666496
1960.535488	0.50936054
1960.618821	1.738522484
1960.702154	1.370716083
1960.785488	0.658568961
1960.868821	-0.379681082
1960.952154	-0.1309689
1961.035488	0.211062412
1961.118821	0.7308483
1961.202154	0.2398223
1961.285488	0.388231826
1961.368821	0.555960219
1961.452154	1.153252684
1961.535488	-0.641438631
1961.618821	-1.333476747
1961.702154	-1.36137183
1961.785488	0.215957568
1961.868821	0.231400149
1961.952154	0.516487147
1962.035488	0.618442744
1962.118821	0.273304013
1962.202154	0.44080524
1962.285488	0.767244815
1962.368821	1.829190858
1962.452154	2.093414667
1962.535488	1.360843103
1962.618821	0.273875973
1962.702154	0.178367973
1962.785488	0.18426282
1962.868821	-0.928419079
1962.952154	-1.325783343
1963.035488	-0.942971495
1963.118821	-0.028210264
1963.202154	-0.236560894
1963.285488	-0.946460285
1963.368821	-0.464711634
1963.452154	0.954113907
1963.535488	2.068633241
1963.618821	2.162314868
1963.702154	1.636598679
1963.785488	0.734119201
1963.868821	0.636810287
1963.952154	0.487629806
1964.035488	-1.042951858
1964.118821	-2.263657923
1964.202154	-1.346294925
1964.285488	0.634849154
1964.368821	0.957271874
1964.452154	-0.844527933
1964.535488	-1.556825539
1964.618821	-1.846434843
1964.702154	-0.631419141
1964.785488	0.602388392
1964.868821	-0.365174812
1964.952154	-2.926330845
1965.035488	-4.230307276
1965.118821	-2.068779475
1965.202154	0.045482768
1965.285488	-0.55061902
1965.368821	-1.632147894
1965.452154	-1.676829131
1965.535488	-3.224700558
1965.618821	-3.471658575
1965.702154	-2.977660458
1965.785488	-1.352984217
1965.868821	-0.255445631
1965.952154	0.111234746
1966.035488	0.608157333
1966.118821	0.127980608
1966.202154	0.758342534
1966.285488	1.348314897
1966.368821	0.675087502
1966.452154	0.160268385
1966.535488	-1.223821995
1966.618821	-1.865393879
1966.702154	-2.052826734
1966.785488	-1.56795594
1966.868821	-0.568040635
1966.952154	-0.856167803
1967.035488	0.805959113
1967.118821	1.003562787
1967.202154	1.670678016
1967.285488	-0.019720614
1967.368821	-0.51180391
1967.452154	-1.945127808
1967.535488	-2.891725916
1967.618821	-2.166724378
1967.702154	-0.870718397
1967.785488	0.144198342
1967.868821	0.723286968
1967.952154	1.261877029
1968.035488	1.556548572
1968.118821	1.139821648
1968.202154	0.956290456
1968.285488	-0.156713556
1968.368821	-0.770848554
1968.452154	-0.83262674
1968.535488	-0.789395449
1968.618821	-0.994049507
1968.702154	-1.792203565
1968.785488	-2.020992543
1968.868821	-1.6532727
1968.952154	-0.149875999
1969.035488	0.632516489
1969.118821	0.434871139
1969.202154	-1.138187198
1969.285488	-2.40784994
1969.368821	-2.321973987
1969.452154	-2.582270384
1969.535488	-2.734393892
1969.618821	-2.681755025
1969.702154	-2.075929276
1969.785488	-0.66628566
1969.868821	-0.482219905
1969.952154	0.704298274
1970.035488	1.124447393
1970.118821	1.494445792
1970.202154	0.704807116
1970.285488	0.562257492
1970.368821	0.312887736
1970.452154	0.554154084
1970.535488	0.593380932
1970.618821	-0.08861457
1970.702154	-0.993471447
1970.785488	-1.151021028
1970.868821	-0.123652391
1970.952154	-0.084937962
1971.035488	0.322839376
1971.118821	-0.452551943
1971.202154	-1.013193512
1971.285488	-1.235616884
1971.368821	-0.721331822
1971.452154	-0.255215725
1971.535488	-0.286834181
1971.618821	0.64572084
1971.702154	0.359989957
1971.785488	-0.7137043
1971.868821	-0.819264855
1971.952154	-0.011833339
1972.035488	0.36346457
1972.118821	-0.713827098
1972.202154	-1.660697838
1972.285488	-1.52037692
1972.368821	-1.371522295
1972.452154	-1.213220973
1972.535488	-1.107797833
1972.618821	-1.254338084
1972.702154	-1.861878202
1972.785488	-1.703550237
1972.868821	-0.746842449
1972.952154	-0.297730735
1973.035488	-0.97837972
1973.118821	-1.364465984
1973.202154	-1.391313257
1973.285488	-0.330071747
1973.368821	-0.396795543
1973.452154	-0.420918824
1973.535488	-0.269857434
1973.618821	0.974000202
1973.702154	1.318420753
1973.785488	0.096986492
1973.868821	-0.645112944
1973.952154	0.270837781
1974.035488	1.582855
1974.118821	1.079452476
1974.202154	-0.281220575
1974.285488	-0.988454263
1974.368821	0.172835756
1974.452154	1.039931557
1974.535488	1.688221557
1974.618821	1.972539678
1974.702154	1.575214951
1974.785488	0.982172875
1974.868821	0.195509803
1974.952154	-0.266322342
1975.035488	-1.800272638
1975.118821	-1.19462987
1975.202154	-0.956363893
1975.285488	-0.71686912
1975.368821	-2.019015757
1975.452154	-2.095590194
1975.535488	-1.723691177
1975.618821	-1.357655017
1975.702154	-0.613615659
1975.785488	-1.295496805
1975.868821	-1.173597921
1975.952154	-1.928990463
1976.035488	-1.041430663
1976.118821	-0.343088274
1976.202154	0.60505859
1976.285488	0.612246823
1976.368821	0.332316294
1976.452154	-0.240964227
1976.535488	0.024089236
1976.618821	-0.002886057
1976.702154	0.79572851
1976.785488	1.140729151
1976.868821	1.091373284
1976.952154	0.712625715
1977.035488	0.319186636
1977.118821	0.85706441
1977.202154	1.105729563
1977.285488	-0.064800994
1977.368821	-2.442929296
1977.452154	-3.796929345
1977.535488	-2.64256659
1977.618821	-1.325956339
1977.702154	-0.882038985
1977.785488	-1.102354079
1977.868821	-1.394550372
1977.952154	-1.612290457
1978.035488	-1.415552635
1978.118821	0.240990267
1978.202154	0.935478944
1978.285488	0.793148449
1978.368821	-0.337401122
1978.452154	0.108510363
1978.535488	0.188760489
1978.618821	0.010692388
1978.702154	-0.212518912
1978.785488	-0.366847273
1978.868821	0.138619842
1978.952154	-0.692178499
1979.035488	0.471310355
1979.118821	0.860818269
1979.202154	1.525862855
1979.285488	0.266759262
1979.368821	-0.155865907
1979.452154	-0.030170679
1979.535488	-0.040908274
1979.618821	0.40450329
1979.702154	0.121325631
1979.785488	0.789318079
1979.868821	1.283511004
1979.952154	2.446521911
1980.035488	2.359326629
1980.118821	1.417416089
1980.202154	0.583359912
1980.285488	-0.240301325
1980.368821	-0.947246213
1980.452154	-1.051346021
1980.535488	-1.144686089
1980.618821	-1.52088911
1980.702154	-2.060204217
1980.785488	-1.57453223
1980.868821	0.390391389
1980.952154	0.441301643
1981.035488	-0.258935794
1981.118821	-1.981592393
1981.202154	-1.271633253
1981.285488	-1.298822207
1981.368821	-0.666818866
1981.452154	-0.358525756
1981.535488	0.881009484
1981.618821	0.041844541
1981.702154	-1.595542118
1981.785488	-1.705648422
1981.868821	-0.575277693
1981.952154	-0.094420902
1982.035488	-1.093765099
1982.118821	-1.655232892
1982.202154	-1.258909325
1982.285488	0.224642261
1982.368821	1.498833584
1982.452154	1.22663244
1982.535488	0.603359286
1982.618821	1.497987231
1982.702154	2.758978426
1982.785488	2.065241612
1982.868821	1.409988425
1982.952154	0.676323621
1983.035488	1.046692561
1983.118821	0.903040797
1983.202154	0.128533281
1983.285488	-1.122030716
1983.368821	-2.229777017
1983.452154	-2.320923244
1983.535488	-1.231633052
1983.618821	-0.630042578
1983.702154	-0.20542154
1983.785488	-0.65951545
1983.868821	-0.293374283
1983.952154	0.499090676
1984.035488	0.737463773
1984.118821	0.261769344
1984.202154	0.465688302
1984.285488	1.838045434
1984.368821	2.504297355
1984.452154	0.989724337
1984.535488	-0.869139184
1984.618821	-1.338098584
1984.702154	-0.725439705
1984.785488	-0.308041808
1984.868821	0.182413229
1984.952154	0.226455489
1985.035488	-0.560141967
1985.118821	-0.967685358
1985.202154	-0.375088474
1985.285488	0.457247037
1985.368821	-0.669982582
1985.452154	-1.893309664
1985.535488	-1.816295728
1985.618821	-0.729210248
1985.702154	0.290508165
1985.785488	0.454096761
1985.868821	-0.437276673
1985.952154	0.105611506
1986.035488	0.670116183
1986.118821	1.597566952
1986.202154	0.954082616
1986.285488	1.30194867
1986.368821	1.650789551
1986.452154	1.486524359
1986.535488	-0.986246549
1986.618821	-2.111065317
1986.702154	-2.082756809
1986.785488	-1.326545924
1986.868821	-1.292313498
1986.952154	-0.993103219
1987.035488	0.291248011
1987.118821	1.540368
1987.202154	1.354100635
1987.285488	0.826171251
1987.368821	0.520818413
1987.452154	-0.235542862
1987.535488	-1.388471035
1987.618821	-2.022884285
1987.702154	-1.190527981
1987.785488	-0.50255382
1987.868821	-0.112180376
1987.952154	-0.122532005
1988.035488	0.570965026
1988.118821	0.331586998
1988.202154	0.526495018
1988.285488	0.681591995
1988.368821	0.977321981
1988.452154	0.670683292
1988.535488	0.176178751
1988.618821	-0.607072682
1988.702154	0.023533964
1988.785488	-0.511069603
1988.868821	-1.174949713
1988.952154	-1.491387455
1989.035488	-1.344435815
1989.118821	-1.469552013
1989.202154	-3.63699329
1989.285488	-2.385101926
1989.368821	-0.468338077
1989.452154	1.196736647
1989.535488	0.931972909
1989.618821	0.479356917
1989.702154	0.405747928
1989.785488	1.33670041
1989.868821	2.360558099
1989.952154	2.453556882
1990.035488	0.756071319
1990.118821	-0.264274514
1990.202154	-0.491973335
1990.285488	0.11088486
1990.368821	0.188358528
1990.452154	0.104242374
1990.535488	0.569650543
1990.618821	0.919750381
1990.702154	-0.283285545
1990.785488	-2.135376712
1990.868821	-2.294935815
1990.952154	-1.703611556
1991.035488	-0.705754428
1991.118821	0.225637226
1991.202154	0.774654858
1991.285488	0.684402731
1991.368821	0.019938001
1991.452154	0.525603488
1991.535488	-0.089331798
1991.618821	0.186744239
1991.702154	-0.56817325
1991.785488	0.16474344
1991.868821	0.33237125
1991.952154	0.143095574
1992.035488	-0.462029516
1992.118821	-1.527182961
1992.202154	-0.641805558
1992.285488	-0.548092457
1992.368821	-0.349209054
1992.452154	-0.636392064
1992.535488	-0.944519859
1992.618821	-1.018145043
1992.702154	-0.771890345
1992.785488	-0.877828069
1992.868821	-1.718460513
1992.952154	-2.057173942
1993.035488	-1.34280569
1993.118821	-0.016350655
1993.202154	0.510593832
1993.285488	1.075795584
1993.368821	0.947604339
1993.452154	-0.096938563
1993.535488	-0.359958246
1993.618821	-0.386056123
1993.702154	0.805031073
1993.785488	1.348396289
1993.868821	1.429838442
1993.952154	1.725438454
1994.035488	2.06929147
1994.118821	2.196720078
1994.202154	1.616279733
1994.285488	1.282108055
1994.368821	1.366942237
1994.452154	1.117869129
1994.535488	1.528583483
1994.618821	1.693686757
1994.702154	1.117771993
1994.785488	-0.324227834
1994.868821	-1.565606738
1994.952154	-1.340679696
1995.035488	-0.210355901
1995.118821	0.097300391
1995.202154	-0.160512042
1995.285488	-1.360578235
1995.368821	-0.370673875
1995.452154	0.979453855
1995.535488	1.7198223
1995.618821	0.572755411
1995.702154	-0.065269878
1995.785488	0.848418079
1995.868821	0.910055805
1995.952154	-0.978360904
1996.035488	-1.962260422
1996.118821	-0.370461556
1996.202154	0.744044911
1996.285488	0.707740628
1996.368821	0.522237103
1996.452154	0.943480941
1996.535488	0.167857833
1996.618821	-0.026487027
1996.702154	-0.124911495
1996.785488	0.931088024
1996.868821	0.13290533
1996.952154	0.118142962
1997.035488	-1.171201327
1997.118821	-2.034404361
1997.202154	-1.040828211
1997.285488	-0.810420618
1997.368821	-0.038134376
1997.452154	0.134560471
1997.535488	1.10799438
1997.618821	1.430180349
1997.702154	0.772470432
1997.785488	0.962183373
1997.868821	0.802884687
1997.952154	1.293203777
1998.035488	1.12698467
1998.118821	1.045317305
1998.202154	-0.136089038
1998.285488	-1.535633804
1998.368821	-1.98300004
1998.452154	-0.342079215
1998.535488	0.904174557
1998.618821	0.964457684
1998.702154	1.138508539
1998.785488	1.422069925
1998.868821	1.69794707
1998.952154	1.532669349
1999.035488	2.072365175
1999.118821	1.847326429
1999.202154	0.957536664
1999.285488	1.094227379
1999.368821	1.849741485
1999.452154	2.549852761
1999.535488	1.77367221
1999.618821	0.387758048
1999.702154	0.491621628
1999.785488	1.346397715
1999.868821	1.009029551
1999.952154	0.317652538
2000.035488	0.228504345
2000.118821	0.791224421
2000.202154	1.626775953
2000.285488	1.89822686
2000.368821	2.71564247
2000.452154	2.904656231
2000.535488	3.017601515
2000.618821	2.149090099
2000.702154	1.279868702
2000.785488	1.221614409
2000.868821	0.871218174
2000.952154	0.619333647
2001.035488	-0.318524108
2001.118821	-1.390851525
2001.202154	-1.110847579
2001.285488	-0.943914505
2001.368821	-0.831931531
2001.452154	-0.644325442
2001.535488	-1.000890653
2001.618821	-0.764876843
2001.702154	0.199904416
2001.785488	0.509447883
2001.868821	0.371933296
2001.952154	-0.449415264
2002.035488	0.015852561
2002.118821	0.503906863
2002.202154	0.95593073
2002.285488	1.793587945
2002.368821	1.722724728
2002.452154	1.925965238
2002.535488	2.109469195
2002.618821	0.156327717
2002.702154	-0.250040518
2002.785488	-1.284178069
2002.868821	-0.298153741
2002.952154	-0.879920007
2003.035488	0.020352629
2003.118821	-0.525983179
2003.202154	-2.441585099
2003.285488	-2.734671278
2003.368821	-1.230612391
2003.452154	0.302011747
2003.535488	-0.149493236
2003.618821	-0.533898218
2003.702154	0.445860808
2003.785488	1.143716045
2003.868821	0.161327252
2003.952154	-0.206280014
2004.035488	0.501777421
2004.118821	0.86244057
2004.202154	0.359192454
2004.285488	-0.296431621
2004.368821	-0.256282159
2004.452154	0.581407343
2004.535488	-0.406961523
2004.618821	-0.216435353
2004.702154	-0.289973931
2004.785488	0.603102021
2004.868821	0.874531779
2004.952154	1.43754514
2005.035488	1.414155362
2005.118821	1.341947044
2005.202154	0.444698689
2005.285488	-0.10355686
2005.368821	-0.953003237
2005.452154	-0.350406008
2005.535488	0.638352457
2005.618821	0.852215337
2005.702154	1.605910059
2005.785488	1.075327482
2005.868821	0.704645304
2005.952154	-0.452516662
2006.035488	-0.131019405
2006.118821	0.170501319
2006.202154	0.250738645
2006.285488	0.29979316
2006.368821	-0.736783425
2006.452154	-0.624219414
2006.535488	-1.234726671
2006.618821	0.056179498
2006.702154	-0.169605483
2006.785488	1.01360346
2006.868821	1.33452981
2006.952154	1.966317719
2007.035488	0.281837667
2007.118821	-0.584181231
2007.202154	-0.251909935
2007.285488	0.626325019
2007.368821	1.032731746
2007.452154	0.540879039
2007.535488	1.210791921
2007.618821	0.607397552
2007.702154	0.294129043
2007.785488	-0.694867691
2007.868821	-0.691852362
2007.952154	-1.450257493
2008.035488	-1.261467223
2008.118821	-1.525750925
2008.202154	-1.063547589
2008.285488	-0.852616045
2008.368821	0.719628928
2008.452154	1.90946255
2008.535488	2.126235528
2008.618821	1.361294889
2008.702154	0.270713006
2008.785488	-0.338400736
2008.868821	0.550580235
2008.952154	0.982682748
2009.035488	1.165090872
2009.118821	0.444053528
2009.202154	1.100609548
2009.285488	1.294942663
2009.368821	1.367469193
2009.452154	1.361981807
2009.535488	1.355146254
2009.618821	1.104347406
2009.702154	0.309663513
2009.785488	-0.05923794
2009.868821	0.008426774
2009.952154	0.11195477
2010.035488	-0.726174278
2010.118821	-1.197029928
2010.202154	-0.493270475
2010.285488	-0.101607909
2010.368821	0.363930675
2010.452154	-0.088871912
2010.535488	-0.55469459
2010.618821	-0.877832397
2010.702154	-0.576578459
2010.785488	0.558415653
2010.868821	1.651357891
2010.952154	2.743191885
2011.035488	2.572895406
2011.118821	1.323464969
2011.202154	1.334494993
2011.285488	2.399341151
2011.368821	2.434589633
2011.452154	1.388057947
2011.535488	0.54654635
2011.618821	0.187285221
2011.702154	0.520339283
2011.785488	0.831083231
2011.868821	1.220182799
2011.952154	0.141980033
2012.035488	-0.595621109
2012.118821	-1.323803455
2012.202154	-0.665022055
2012.285488	-0.78992038
2012.368821	0.832357424
2012.452154	1.897738264
2012.535488	1.602196994
2012.618821	0.504060744
2012.702154	0.476104409
2012.785488	1.097891772
2012.868821	1.308268812
2012.952154	1.760594406
2013.035488	2.047502358
2013.118821	1.448513037
2013.202154	0.708361324
2013.285488	0.041728163
2013.368821	-0.373257733
2013.452154	-0.33071503
2013.535488	0.970193272
2013.618821	2.036825912
2013.702154	1.648983469
2013.785488	0.95006582
2013.868821	0.380023242
2013.952154	0.741825271
2014.035488	-0.619107991
2014.118821	-1.778604756
2014.202154	-2.418838029
2014.285488	-0.935005684
2014.368821	0.249357318
2014.452154	0.549093124
2014.535488	0.300551796
2014.618821	0.552882436
2014.702154	0.999201381
2014.785488	0.267075782
2014.868821	-0.319727766
2014.952154	-0.316417901
2015.035488	0.862405359
2015.118821	0.3632186
2015.202154	0.435153445
2015.285488	0.129672014
2015.368821	1.352754762
2015.452154	1.460230283
2015.535488	2.894485098
2015.618821	2.493692057
2015.702154	2.452996934
2015.785488	1.139226246
2015.868821	1.56815266
2015.952154	1.685886099
2016.035488	2.071657241
2016.118821	1.91798788
2016.202154	1.014623144
2016.285488	0.816488545
2016.368821	0.587772996
2016.452154	1.761883622
2016.535488	1.81672373
2016.618821	2.900986415
2016.702154	2.350711636
2016.785488	1.3443559
2016.868821	-0.026935591
