offs    0.00000251648
bg     -0.00000146738
impA   -0.00000038328
impB   -0.00000010645
impC    0.00000008643
delA   -0.00046180168
delB    0.02353796017
asym   -2.00887799178
ann1   -0.04185067767
ann2   -0.11464765817
sem1   -0.00711858979
sem2   -4.56550533754
year   -0.00001915437
IR      0.05190779156
ma     -0.00038208579
mp     -0.00460375295
shfT   -0.00005685462
init    0.06634699022
   9.10846048884   0.00289483595   0.25291881895
  29.53063130876   0.00171220313  -0.76971586055
  27.09267692660   0.00508335586  -1.27067574856
   7.08840418358   0.00540326663   1.49226112412
   6.85248390316   0.00387247614   2.08369558906
  13.60611040750   0.00987322993  -1.06504647470
  13.66083077700   0.31633477757  -2.62881814589
3396.73824406533   0.00014699997  -0.76266923648
   9.12068919638   0.03496289701  -0.02706477912
  13.77727494300   0.01316393273   0.37858198409
6793.47648813065   0.00072318303   1.96793971899
  27.55454988600   0.08677112578  -1.33113390662
  27.66676714572   0.00728695962   0.72784484393
  27.44323926226   0.00489491893   2.55955752894
1616.30271425126   0.00023273983  -2.21587442529
   6.85940288609   0.01552005029   1.01575835746
   7.09580804455   0.01700891321   0.57922581529
   9.55688273797   0.01526979510  -1.08892263024
   9.13295078376   0.08562319010  -0.82857230641
  27.32166155400   0.00008848424  -0.00002261135
  27.21222081500   0.00152204726   2.52863733507
   9.18484996200   0.00216596110   2.30908789965
  14.76531565438   0.02509778559   0.14657864681
  31.81203967438   0.01550553450  -1.54698184596
   9.54345725515   0.00639289654   0.12515450159
  13.63341568476   0.12858733999  -1.84445124515
  26.98505934729   0.00298642733  -0.64140373351
 365.24986924563   0.01275577422   2.60271142662
 182.62493462281   0.02382908472  -0.63394003033
 121.74995641521   0.00378173213   0.83367614920
ltep    0.09471757995
ltep    0.38800000000
ltep -297.96383728823
ltep -279.55514787760
ltep   -0.00000161941
ltep    0.00452863557
ltep    0.06357689016
ltep   24.08412732538
ltep   -5.12716548915
ltep    0.10238726037
ltep   -2.60135177186
harm  26
harm  194
harm  260
harm  102
harm  282
harm  113
harm  116
harm  863
harm  67
harm  9
harm  71
harm  80
harm  219
harm  186
harm  261
harm  133
harm  55
harm  683
harm  490
harm  1196
harm  119
harm  173
harm  284
harm  23
harm  74
harm  58
harm  139
harm  0
