1953.17	4.33E-01
1953.25	8.60E-01
1953.33	8.01E-01
1953.42	6.61E-01
1953.50	5.01E-01
1953.58	3.81E-01
1953.67	3.00E-01
1953.75	2.41E-01
1953.83	1.57E-01
1953.92	7.65E-02
1954.00	-9.25E-03
1954.08	-1.49E-01
1954.17	-3.39E-01
1954.25	-5.39E-01
1954.33	-7.19E-01
1954.42	-8.39E-01
1954.50	-9.10E-01
1954.58	-9.30E-01
1954.67	-9.50E-01
1954.75	-9.90E-01
1954.83	-8.72E-01
1954.92	-5.73E-01
1955.00	-8.48E-02
1955.08	2.70E-01
1955.17	3.59E-01
1955.25	4.26E-01
1955.33	4.26E-01
1955.42	4.99E-01
1955.50	6.69E-01
1955.58	7.50E-01
1955.67	7.50E-01
1955.75	8.01E-01
1955.83	7.83E-01
1955.92	6.87E-01
1956.00	4.61E-01
1956.08	2.50E-01
1956.17	7.64E-02
1956.25	-1.67E-01
1956.33	-3.47E-01
1956.42	-6.69E-01
1956.50	-8.92E-01
1956.58	-9.47E-01
1956.67	-1.00E+00
1956.75	-1.03E+00
1956.83	-1.10E+00
1956.92	-1.12E+00
1957.00	-1.04E+00
1957.08	-6.65E-01
1957.17	-2.12E-01
1957.25	-6.82E-02
1957.33	1.55E-01
1957.42	4.23E-01
1957.50	5.13E-01
1957.58	5.56E-01
1957.67	5.76E-01
1957.75	6.14E-01
1957.83	6.79E-01
1957.92	6.49E-01
1958.00	5.23E-01
1958.08	4.54E-01
1958.17	3.41E-01
1958.25	2.18E-01
1958.33	1.72E-01
1958.42	-4.90E-02
1958.50	-5.16E-01
1958.58	-8.02E-01
1958.67	-8.73E-01
1958.75	-9.79E-01
1958.83	-1.07E+00
1958.92	-1.16E+00
1959.00	-1.28E+00
1959.08	-1.33E+00
1959.17	-1.20E+00
1959.25	-1.05E+00
1959.33	-1.03E+00
1959.42	-9.45E-01
1959.50	-5.59E-01
1959.58	1.44E-01
1959.67	6.82E-01
1959.75	8.00E-01
1959.83	7.66E-01
1959.92	6.36E-01
1960.00	4.21E-01
1960.08	2.47E-01
1960.17	7.73E-02
1960.25	-3.95E-02
1960.33	-1.27E-01
1960.42	-3.38E-01
1960.50	-6.10E-01
1960.58	-8.66E-01
1960.67	-1.02E+00
1960.75	-1.03E+00
1960.83	-1.02E+00
1960.92	-1.01E+00
1961.00	-9.15E-01
1961.08	-7.28E-01
1961.17	-3.40E-01
1961.25	3.07E-02
1961.33	1.34E-01
1961.42	3.02E-01
1961.50	5.11E-01
1961.58	6.45E-01
1961.67	6.43E-01
1961.75	5.32E-01
1961.83	4.31E-01
1961.92	3.74E-01
1962.00	4.45E-01
1962.08	3.90E-01
1962.17	2.48E-01
1962.25	2.48E-01
1962.33	2.37E-01
1962.42	4.63E-02
1962.50	-3.72E-01
1962.58	-7.76E-01
1962.67	-9.59E-01
1962.75	-1.05E+00
1962.83	-1.11E+00
1962.92	-1.18E+00
1963.00	-1.23E+00
1963.08	-1.19E+00
1963.17	-1.15E+00
1963.25	-1.23E+00
1963.33	-1.36E+00
1963.42	-1.35E+00
1963.50	-1.29E+00
1963.58	-1.07E+00
1963.67	-4.66E-01
1963.75	4.05E-02
1963.83	2.41E-01
1963.92	3.01E-01
1964.00	2.70E-01
1964.08	2.80E-01
1964.17	2.11E-01
1964.25	1.10E-01
1964.33	1.47E-01
1964.42	2.36E-01
1964.50	2.64E-01
1964.58	2.58E-01
1964.67	1.77E-01
1964.75	1.28E-01
1964.83	1.15E-01
1964.92	1.04E-01
1965.00	9.45E-02
1965.08	6.79E-02
1965.17	5.24E-02
1965.25	-9.43E-03
1965.33	-9.73E-02
1965.42	-3.84E-01
1965.50	-7.95E-01
1965.58	-1.02E+00
1965.67	-1.11E+00
1965.75	-1.16E+00
1965.83	-1.22E+00
1965.92	-1.28E+00
1966.00	-1.33E+00
1966.08	-1.35E+00
1966.17	-1.26E+00
1966.25	-1.02E+00
1966.33	-5.58E-01
1966.42	-2.98E-02
1966.50	3.84E-01
1966.58	5.91E-01
1966.67	6.16E-01
1966.75	6.02E-01
1966.83	6.69E-01
1966.92	6.85E-01
1967.00	6.08E-01
1967.08	5.84E-01
1967.17	5.92E-01
1967.25	5.86E-01
1967.33	5.01E-01
1967.42	4.12E-01
1967.50	3.09E-01
1967.58	-1.06E-02
1967.67	-4.47E-01
1967.75	-6.30E-01
1967.83	-6.32E-01
1967.92	-6.50E-01
1968.00	-7.11E-01
1968.08	-8.90E-01
1968.17	-8.92E-01
1968.25	-8.08E-01
1968.33	-9.21E-01
1968.42	-1.02E+00
1968.50	-9.81E-01
1968.58	-9.93E-01
1968.67	-1.16E+00
1968.75	-1.24E+00
1968.83	-1.25E+00
1968.92	-1.26E+00
1969.00	-1.04E+00
1969.08	-6.92E-01
1969.17	-2.72E-01
1969.25	1.28E-01
1969.33	3.29E-01
1969.42	5.09E-01
1969.50	6.04E-01
1969.58	5.82E-01
1969.67	5.82E-01
1969.75	5.78E-01
1969.83	4.85E-01
1969.92	3.84E-01
1970.00	1.85E-01
1970.08	-1.00E-01
1970.17	-2.99E-01
1970.25	-4.84E-01
1970.33	-6.25E-01
1970.42	-7.88E-01
1970.50	-9.73E-01
1970.58	-1.10E+00
1970.67	-1.17E+00
1970.75	-1.19E+00
1970.83	-1.27E+00
1970.92	-1.31E+00
1971.00	-1.28E+00
1971.08	-1.01E+00
1971.17	-4.47E-01
1971.25	2.37E-02
1971.33	2.92E-01
1971.42	4.40E-01
1971.50	5.00E-01
1971.58	5.34E-01
1971.67	6.68E-01
1971.75	7.21E-01
1971.83	5.65E-01
1971.92	5.12E-01
1972.00	5.18E-01
1972.08	4.74E-01
1972.17	4.15E-01
1972.25	3.39E-01
1972.33	3.14E-01
1972.42	2.47E-01
1972.50	-2.87E-01
1972.58	-8.35E-01
1972.67	-9.54E-01
1972.75	-9.92E-01
1972.83	-1.05E+00
1972.92	-1.08E+00
1973.00	-1.11E+00
1973.08	-9.15E-01
1973.17	-2.35E-01
1973.25	3.48E-01
1973.33	4.46E-01
1973.42	4.20E-01
1973.50	4.83E-01
1973.58	5.40E-01
1973.67	4.71E-01
1973.75	4.02E-01
1973.83	3.66E-01
1973.92	3.40E-01
1974.00	2.61E-01
1974.08	1.11E-01
1974.17	-7.28E-03
1974.25	-8.56E-02
1974.33	-1.20E-01
1974.42	-3.17E-01
1974.50	-7.05E-01
1974.58	-9.83E-01
1974.67	-1.10E+00
1974.75	-1.17E+00
1974.83	-1.20E+00
1974.92	-1.17E+00
1975.00	-1.16E+00
1975.08	-1.18E+00
1975.17	-1.21E+00
1975.25	-1.09E+00
1975.33	-6.55E-01
1975.42	-7.40E-02
1975.50	2.85E-01
1975.58	5.26E-01
1975.67	6.82E-01
1975.75	6.47E-01
1975.83	6.10E-01
1975.92	5.94E-01
1976.00	5.90E-01
1976.08	6.14E-01
1976.17	5.73E-01
1976.25	5.06E-01
1976.33	4.94E-01
1976.42	4.45E-01
1976.50	2.60E-01
1976.58	-2.27E-01
1976.67	-7.30E-01
1976.75	-9.35E-01
1976.83	-9.07E-01
1976.92	-9.22E-01
1977.00	-9.75E-01
1977.08	-9.73E-01
1977.17	-1.05E+00
1977.25	-1.08E+00
1977.33	-1.09E+00
1977.42	-1.12E+00
1977.50	-1.13E+00
1977.58	-1.09E+00
1977.67	-8.16E-01
1977.75	-4.63E-01
1977.83	-9.80E-02
1977.92	2.63E-01
1978.00	4.15E-01
1978.08	5.79E-01
1978.17	7.10E-01
1978.25	6.69E-01
1978.33	5.55E-01
1978.42	4.84E-01
1978.50	4.58E-01
1978.58	4.30E-01
1978.67	3.70E-01
1978.75	3.20E-01
1978.83	3.35E-01
1978.92	2.97E-01
1979.00	2.06E-01
1979.08	1.37E-01
1979.17	1.13E-01
1979.25	2.03E-01
1979.33	-1.58E-02
1979.42	-4.42E-01
1979.50	-7.63E-01
1979.58	-9.83E-01
1979.67	-1.04E+00
1979.75	-1.10E+00
1979.83	-1.12E+00
1979.92	-1.11E+00
1980.00	-1.10E+00
1980.08	-8.55E-01
1980.17	-2.61E-01
1980.25	1.22E-01
1980.33	2.54E-01
1980.42	4.21E-01
1980.50	4.82E-01
1980.58	5.53E-01
1980.67	6.24E-01
1980.75	6.20E-01
1980.83	5.65E-01
1980.92	5.12E-01
1981.00	4.65E-01
1981.08	4.36E-01
1981.17	4.24E-01
1981.25	3.84E-01
1981.33	3.40E-01
1981.42	2.79E-01
1981.50	-1.46E-01
1981.58	-7.51E-01
1981.67	-1.02E+00
1981.75	-1.09E+00
1981.83	-1.12E+00
1981.92	-1.15E+00
1982.00	-1.17E+00
1982.08	-1.18E+00
1982.17	-1.21E+00
1982.25	-1.22E+00
1982.33	-1.25E+00
1982.42	-1.25E+00
1982.50	-1.20E+00
1982.58	-1.15E+00
1982.67	-8.60E-01
1982.75	-1.52E-01
1982.83	3.81E-01
1982.92	5.11E-01
1983.00	5.09E-01
1983.08	5.61E-01
1983.17	6.42E-01
1983.25	6.16E-01
1983.33	5.71E-01
1983.42	5.24E-01
1983.50	4.73E-01
1983.58	1.01E-01
1983.67	-4.21E-01
1983.75	-6.57E-01
1983.83	-7.51E-01
1983.92	-8.04E-01
1984.00	-9.09E-01
1984.08	-1.01E+00
1984.17	-1.06E+00
1984.25	-1.12E+00
1984.33	-1.13E+00
1984.42	-1.14E+00
1984.50	-1.22E+00
1984.58	-1.33E+00
1984.67	-1.40E+00
1984.75	-1.39E+00
1984.83	-1.35E+00
1984.92	-1.23E+00
1985.00	-6.14E-01
1985.08	8.34E-02
1985.17	3.49E-01
1985.25	3.95E-01
1985.33	4.54E-01
1985.42	5.56E-01
1985.50	5.52E-01
1985.58	5.09E-01
1985.67	4.30E-01
1985.75	3.70E-01
1985.83	3.56E-01
1985.92	3.86E-01
1986.00	4.04E-01
1986.08	4.41E-01
1986.17	5.41E-01
1986.25	6.00E-01
1986.33	5.80E-01
1986.42	4.97E-01
1986.50	1.32E-01
1986.58	-4.67E-01
1986.67	-8.51E-01
1986.75	-9.22E-01
1986.83	-9.26E-01
1986.92	-9.50E-01
1987.00	-9.90E-01
1987.08	-1.04E+00
1987.17	-1.05E+00
1987.25	-1.05E+00
1987.33	-1.07E+00
1987.42	-1.08E+00
1987.50	-1.08E+00
1987.58	-1.03E+00
1987.67	-6.25E-01
1987.75	5.34E-02
1987.83	4.59E-01
1987.92	5.11E-01
1988.00	3.89E-01
1988.08	2.69E-01
1988.17	2.22E-01
1988.25	2.00E-01
1988.33	2.47E-01
1988.42	2.96E-01
1988.50	2.41E-01
1988.58	5.62E-02
1988.67	-2.48E-01
1988.75	-3.31E-01
1988.83	-2.26E-01
1988.92	-2.61E-01
1989.00	-3.63E-01
1989.08	-4.00E-01
1989.17	-3.66E-01
1989.25	-2.49E-01
1989.33	-1.56E-01
1989.42	-3.73E-01
1989.50	-7.97E-01
1989.58	-1.06E+00
1989.67	-1.17E+00
1989.75	-1.21E+00
1989.83	-1.22E+00
1989.92	-1.23E+00
1990.00	-1.23E+00
1990.08	-1.18E+00
1990.17	-6.55E-01
1990.25	-1.48E-01
1990.33	1.50E-01
1990.42	4.66E-01
1990.50	4.96E-01
1990.58	5.51E-01
1990.67	5.67E-01
1990.75	5.32E-01
1990.83	5.30E-01
1990.92	4.79E-01
1991.00	4.38E-01
1991.08	4.87E-01
1991.17	4.97E-01
1991.25	4.82E-01
1991.33	4.65E-01
1991.42	3.94E-01
1991.50	5.47E-02
1991.58	-5.48E-01
1991.67	-9.17E-01
1991.75	-9.63E-01
1991.83	-8.92E-01
1991.92	-8.74E-01
1992.00	-9.27E-01
1992.08	-9.90E-01
1992.17	-1.01E+00
1992.25	-1.01E+00
1992.33	-1.03E+00
1992.42	-1.04E+00
1992.50	-1.07E+00
1992.58	-1.09E+00
1992.67	-7.00E-01
1992.75	-1.45E-01
1992.83	1.64E-01
1992.92	3.73E-01
1993.00	5.05E-01
1993.08	6.33E-01
1993.17	6.63E-01
1993.25	6.38E-01
1993.33	6.68E-01
1993.42	5.66E-01
1993.50	4.40E-01
1993.58	3.14E-01
1993.67	7.77E-02
1993.75	-3.61E-02
1993.83	-1.03E-01
1993.92	-3.08E-01
1994.00	-6.29E-01
1994.08	-8.89E-01
1994.17	-9.82E-01
1994.25	-1.03E+00
1994.33	-1.11E+00
1994.42	-1.18E+00
1994.50	-1.23E+00
1994.58	-1.29E+00
1994.67	-1.33E+00
1994.75	-1.35E+00
1994.83	-1.22E+00
1994.92	-5.68E-01
1995.00	1.96E-01
1995.08	5.50E-01
1995.17	6.90E-01
1995.25	5.88E-01
1995.33	4.03E-01
1995.42	3.91E-01
1995.50	5.29E-01
1995.58	6.12E-01
1995.67	5.53E-01
1995.75	3.96E-01
1995.83	2.13E-01
1995.92	5.97E-03
1996.00	-3.23E-01
1996.08	-5.99E-01
1996.17	-7.04E-01
1996.25	-7.69E-01
1996.33	-8.81E-01
1996.42	-1.03E+00
1996.50	-1.17E+00
1996.58	-1.27E+00
1996.67	-1.31E+00
1996.75	-1.34E+00
1996.83	-1.40E+00
1996.92	-1.41E+00
1997.00	-1.27E+00
1997.08	-6.87E-01
1997.17	-7.03E-02
1997.25	2.42E-01
1997.33	4.12E-01
1997.42	5.13E-01
1997.50	6.04E-01
1997.58	6.36E-01
1997.67	6.17E-01
1997.75	5.11E-01
1997.83	4.23E-01
1997.92	3.45E-01
1998.00	1.82E-01
1998.08	-6.61E-02
1998.17	-1.98E-01
1998.25	-2.14E-01
1998.33	-3.66E-01
1998.42	-7.56E-01
1998.50	-1.07E+00
1998.58	-1.15E+00
1998.67	-1.21E+00
1998.75	-1.26E+00
1998.83	-1.26E+00
1998.92	-1.21E+00
1999.00	-7.27E-01
1999.08	-1.21E-04
1999.17	3.37E-01
1999.25	4.59E-01
1999.33	4.59E-01
1999.42	4.75E-01
1999.50	5.32E-01
1999.58	5.26E-01
1999.67	4.97E-01
1999.75	4.42E-01
1999.83	4.22E-01
1999.92	3.84E-01
2000.00	2.77E-01
2000.08	2.16E-01
2000.17	2.70E-01
2000.25	3.37E-01
2000.33	4.15E-01
2000.42	3.50E-01
2000.50	-1.61E-02
2000.58	-5.91E-01
2000.67	-1.02E+00
2000.75	-1.15E+00
2000.83	-1.16E+00
2000.92	-1.13E+00
2001.00	-1.06E+00
2001.08	-1.02E+00
2001.17	-1.09E+00
2001.25	-1.11E+00
2001.33	-1.08E+00
2001.42	-1.15E+00
2001.50	-1.25E+00
2001.58	-1.30E+00
2001.67	-1.36E+00
2001.75	-1.41E+00
2001.83	-1.32E+00
2001.92	-8.91E-01
2002.00	-2.35E-01
2002.08	3.18E-01
2002.17	5.17E-01
2002.25	5.31E-01
2002.33	6.12E-01
2002.42	5.75E-01
2002.50	5.24E-01
2002.58	4.51E-01
2002.67	3.90E-01
2002.75	3.73E-01
2002.83	2.97E-01
2002.92	2.13E-01
2003.00	4.78E-04
2003.08	-1.66E-01
2003.17	-1.11E-01
2003.25	-3.24E-02
2003.33	-1.48E-01
2003.42	-5.30E-01
2003.50	-9.24E-01
2003.58	-1.11E+00
2003.67	-1.20E+00
2003.75	-1.26E+00
2003.83	-1.26E+00
2003.92	-1.25E+00
2004.00	-1.27E+00
2004.08	-9.77E-01
2004.17	-3.66E-01
2004.25	1.21E-01
2004.33	3.79E-01
2004.42	4.76E-01
2004.50	4.92E-01
2004.58	4.31E-01
2004.67	3.70E-01
2004.75	3.76E-01
2004.83	3.72E-01
2004.92	3.22E-01
2005.00	2.43E-01
2005.08	1.25E-01
2005.17	-7.04E-03
2005.25	-1.07E-03
2005.33	1.88E-02
2005.42	-3.69E-01
2005.50	-8.85E-01
2005.58	-1.10E+00
2005.67	-1.19E+00
2005.75	-1.25E+00
2005.83	-1.27E+00
2005.92	-1.28E+00
2006.00	-1.31E+00
2006.08	-1.31E+00
2006.17	-1.23E+00
2006.25	-7.68E-01
2006.33	-2.53E-02
2006.42	3.36E-01
2006.50	3.81E-01
2006.58	4.57E-01
2006.67	4.98E-01
2006.75	3.96E-01
2006.83	3.59E-01
2006.92	4.04E-01
2007.00	3.64E-01
2007.08	3.24E-01
2007.17	2.55E-01
2007.25	2.14E-01
2007.33	1.35E-01
2007.42	-2.61E-01
2007.50	-7.97E-01
2007.58	-1.10E+00
2007.67	-1.22E+00
2007.75	-1.26E+00
2007.83	-1.27E+00
2007.92	-1.27E+00
2008.00	-1.27E+00
2008.08	-1.17E+00
2008.17	-7.86E-01
2008.25	-1.81E-01
2008.33	2.98E-01
2008.42	4.72E-01
2008.50	4.96E-01
2008.58	5.61E-01
2008.67	5.85E-01
2008.75	5.07E-01
2008.83	4.46E-01
2008.92	3.96E-01
2009.00	3.37E-01
2009.08	3.71E-01
2009.17	4.60E-01
2009.25	5.47E-01
2009.33	5.47E-01
2009.42	4.42E-01
2009.50	2.72E-01
2009.58	-1.99E-01
2009.67	-7.19E-01
2009.75	-8.90E-01
2009.83	-8.76E-01
2009.92	-8.39E-01
2010.00	-9.00E-01
2010.08	-1.02E+00
2010.17	-1.05E+00
2010.25	-1.07E+00
2010.33	-1.08E+00
2010.42	-1.08E+00
2010.50	-1.07E+00
2010.58	-1.10E+00
2010.67	-6.95E-01
2010.75	1.11E-01
2010.83	5.01E-01
2010.92	5.01E-01
2011.00	4.68E-01
2011.08	4.03E-01
2011.17	3.60E-01
2011.25	3.88E-01
2011.33	3.96E-01
2011.42	3.86E-01
2011.50	3.76E-01
2011.58	3.33E-01
2011.67	1.60E-01
2011.75	6.75E-02
2011.83	-1.23E-02
2011.92	-2.13E-01
2012.00	-5.25E-01
2012.08	-8.55E-01
2012.17	-9.54E-01
2012.25	-9.03E-01
2012.33	-8.60E-01
2012.42	-9.47E-01
2012.50	-1.12E+00
2012.58	-1.26E+00
2012.67	-1.30E+00
2012.75	-1.35E+00
2012.83	-1.36E+00
2012.92	-1.33E+00
2013.00	-1.34E+00
2013.08	-9.97E-01
2013.17	-4.19E-01
2013.25	-5.99E-02
2013.33	2.12E-01
2013.42	3.82E-01
2013.50	4.22E-01
2013.58	5.31E-01
2013.67	6.08E-01
2013.75	5.39E-01
2013.83	5.21E-01
2013.92	5.17E-01
2014.00	4.74E-01
2014.08	4.70E-01
2014.17	5.29E-01
2014.25	5.49E-01
2014.33	4.78E-01
2014.42	4.03E-01
2014.50	-7.95E-02
2014.58	-7.74E-01
2014.67	-1.13E+00
2014.75	-1.20E+00
2014.83	-1.22E+00
2014.92	-1.28E+00
2015.00	-1.27E+00
2015.08	-1.20E+00
2015.17	-1.13E+00
2015.25	-1.15E+00
2015.33	-1.22E+00
2015.42	-1.25E+00
2015.50	-9.07E-01
2015.58	-1.36E-01
2015.67	4.06E-01
2015.75	5.28E-01
2015.83	5.93E-01
2015.92	5.89E-01
2016.00	5.40E-01
2016.08	4.55E-01
2016.17	3.78E-01
2016.25	3.90E-01
2016.33	2.34E-01
2016.42	1.50E-02
2016.50	7.60E-02
2016.58	2.45E-01
2016.67	3.49E-01
2016.75	5.22E-01
2016.83	6.18E-01
2016.92	5.88E-01
2017.00	5.98E-01
2017.08	6.65E-01
2017.17	6.94E-01
2017.25	6.96E-01
2017.33	6.61E-01
2017.42	5.79E-01
2017.50	3.90E-01
2017.58	-1.68E-01
2017.67	-7.99E-01
2017.75	-1.02E+00
2017.83	-1.01E+00
2017.92	-1.01E+00
2018.00	-1.06E+00
2018.08	-1.10E+00
2018.17	-1.15E+00
2018.25	-1.14E+00
2018.33	-1.13E+00
2018.42	-1.20E+00
2018.50	-1.26E+00
2018.58	-1.29E+00
2018.67	-1.317970141
2018.75	-1.280597187
2018.83	-0.629256403
