offs    0.00000000000
bg      0.00000000000
impA   -9.00009762678
impB    0.00000000000
impC 2820.13546224153
delA   -9.01969972572
delB    0.25000000000
asym    0.00000000000
ann1    0.00000000000
ann2    0.00000000000
sem1    0.00000000000
sem2    0.00000000000
year    0.00000000000
IR      0.00000000000
ma      0.00000000000
mp      0.00000000000
shfT    0.00000000000
init    0.00000000000
   9.10846048930   0.00586599213  -0.55436679418
  29.53064709738   0.00687517163  -2.11876678434
  27.09261953873   0.00193958968   2.27708189622
   6.82354927062  -0.00334793474   0.64638887633
   6.85248206692   0.00990229743   3.28268034602
  13.60611041000   0.01086335725  -0.12211091482
  13.66081618500   0.32540511208  -2.21386796742
3397.64080307470   0.00688041987  -0.58533165626
   9.12068594402   0.04740146868  -2.40455730172
  13.77727494000   0.01422432856   1.29017872034
6795.28160614939   0.00296877118   2.23434721914
  27.55454988000   0.08880797451   2.11253492545
  27.66673720859   0.00451111809  -2.68220136688
  27.44326870576   0.00707384567   0.44091201908
1616.09851046018   0.00312202141   1.23148750045
   6.85939920631   0.01399039923   2.21624580457
   6.83040809250  -0.00022155086  -2.79991315081
   9.55687890433   0.01301318515   1.62741482317
   9.13294426107   0.07346971278   2.94907180719
  27.32163237000   0.00621078563   1.57613408168
  27.21222082000   0.00117424705   2.05201869301
   9.18484996000   0.00684257538   0.36392065498
  14.76532354869   0.02537072900   0.59926718501
  31.81207632713   0.01806528712   1.75375645143
   9.06950090247  -0.00273182597  -1.68545703818
  13.63340841926   0.12577969026  -1.28402784311
  26.98503088862  -0.00371057193   1.32149544359
ltep    0.63883178573
ltep   49.37894554051
ltep   12.59702763871
ltep  100.01159069677
ltep   11.07281794310
ltep -189.20149225878
ltep  591.56999011389
ltep   69.90045330989
ltep  160.57016686868
ltep  391.40927689740
ltep    0.49758305058
harm  5
harm  10
harm  1525
harm  30
harm  35
harm  40
harm  45
harm  20
harm  80
harm  95
harm  0
