1880.005646	-1.79E-01
1880.088979	-3.41E-01
1880.172313	-3.41E-01
1880.255646	-3.41E-01
1880.338979	-3.41E-01
1880.422313	-3.41E-01
1880.505646	-3.41E-01
1880.588979	-4.23E-01
1880.672313	-2.52E-01
1880.755646	4.93E-02
1880.838979	1.55E-01
1880.922313	-3.04E-02
1881.005646	-4.13E-01
1881.088979	-6.25E-01
1881.172313	-7.47E-01
1881.255646	-8.23E-01
1881.338979	-7.92E-01
1881.422313	-5.56E-01
1881.505646	-3.89E-01
1881.588979	-4.43E-01
1881.672313	-6.25E-01
1881.755646	-5.52E-01
1881.838979	-6.98E-02
1881.922313	4.29E-01
1882.005646	7.15E-01
1882.088979	6.25E-01
1882.172313	3.45E-01
1882.255646	5.49E-02
1882.338979	-2.74E-01
1882.422313	-5.89E-01
1882.505646	-9.31E-01
1882.588979	-9.66E-01
1882.672313	-6.12E-01
1882.755646	-8.47E-02
1882.838979	2.72E-01
1882.922313	3.43E-01
1883.005646	1.80E-01
1883.088979	-1.87E-01
1883.172313	-4.87E-01
1883.255646	-5.41E-01
1883.338979	-4.60E-01
1883.422313	-6.29E-01
1883.505646	-7.69E-01
1883.588979	-7.03E-01
1883.672313	-3.64E-01
1883.755646	-5.89E-02
1883.838979	9.65E-02
1883.922313	1.95E-01
1884.005646	2.55E-01
1884.088979	2.00E-01
1884.172313	7.51E-02
1884.255646	-6.86E-02
1884.338979	-1.76E-01
1884.422313	-2.84E-01
1884.505646	-3.48E-01
1884.588979	-3.35E-01
1884.672313	-1.02E-01
1884.755646	3.71E-01
1884.838979	6.70E-01
1884.922313	7.60E-01
1885.005646	5.29E-01
1885.088979	2.54E-01
1885.172313	5.42E-02
1885.255646	-1.87E-01
1885.338979	-3.30E-01
1885.422313	-5.32E-01
1885.505646	-5.12E-01
1885.588979	-2.71E-01
1885.672313	-4.05E-02
1885.755646	4.06E-02
1885.838979	4.07E-02
1885.922313	1.36E-01
1886.005646	2.21E-01
1886.088979	2.30E-01
1886.172313	2.36E-01
1886.255646	1.10E-01
1886.338979	-1.31E-01
1886.422313	-5.29E-01
1886.505646	-9.95E-01
1886.588979	-1.24E+00
1886.672313	-1.11E+00
1886.755646	-7.64E-01
1886.838979	-5.19E-01
1886.922313	-6.24E-01
1887.005646	-9.83E-01
1887.088979	-1.40E+00
1887.172313	-1.67E+00
1887.255646	-1.61E+00
1887.338979	-1.38E+00
1887.422313	-1.12E+00
1887.505646	-8.99E-01
1887.588979	-6.81E-01
1887.672313	-4.61E-01
1887.755646	-2.86E-01
1887.838979	-1.43E-01
1887.922313	2.02E-03
1888.005646	2.53E-01
1888.088979	4.47E-01
1888.172313	3.56E-01
1888.255646	9.22E-02
1888.338979	-1.37E-01
1888.422313	-2.24E-01
1888.505646	-4.46E-01
1888.588979	-8.98E-01
1888.672313	-1.39E+00
1888.755646	-1.56E+00
1888.838979	-1.31E+00
1888.922313	-8.78E-01
1889.005646	-5.22E-01
1889.088979	-3.80E-01
1889.172313	-3.02E-01
1889.255646	-3.83E-01
1889.338979	-5.36E-01
1889.422313	-8.00E-01
1889.505646	-8.84E-01
1889.588979	-9.16E-01
1889.672313	-1.11E+00
1889.755646	-1.38E+00
1889.838979	-1.48E+00
1889.922313	-1.19E+00
1890.005646	-9.41E-01
1890.088979	-9.93E-01
1890.172313	-1.37E+00
1890.255646	-1.76E+00
1890.338979	-1.68E+00
1890.422313	-1.07E+00
1890.505646	-2.92E-01
1890.588979	1.19E-01
1890.672313	1.27E-01
1890.755646	-5.22E-02
1890.838979	-4.40E-01
1890.922313	-9.89E-01
1891.005646	-1.41E+00
1891.088979	-1.60E+00
1891.172313	-1.76E+00
1891.255646	-1.97E+00
1891.338979	-1.91E+00
1891.422313	-1.40E+00
1891.505646	-9.69E-01
1891.588979	-9.15E-01
1891.672313	-9.50E-01
1891.755646	-7.88E-01
1891.838979	-3.63E-01
1891.922313	-4.33E-02
1892.005646	2.21E-01
1892.088979	5.19E-01
1892.172313	7.44E-01
1892.255646	7.79E-01
1892.338979	6.93E-01
1892.422313	5.16E-01
1892.505646	2.23E-01
1892.588979	-7.46E-02
1892.672313	-2.59E-01
1892.755646	-2.47E-01
1892.838979	-3.37E-01
1892.922313	-5.65E-01
1893.005646	-1.02E+00
1893.088979	-1.61E+00
1893.172313	-1.91E+00
1893.255646	-1.66E+00
1893.338979	-1.12E+00
1893.422313	-7.80E-01
1893.505646	-7.43E-01
1893.588979	-7.76E-01
1893.672313	-8.30E-01
1893.755646	-9.01E-01
1893.838979	-9.46E-01
1893.922313	-9.02E-01
1894.005646	-9.13E-01
1894.088979	-9.80E-01
1894.172313	-1.07E+00
1894.255646	-1.04E+00
1894.338979	-8.51E-01
1894.422313	-5.00E-01
1894.505646	-1.67E-01
1894.588979	-6.90E-02
1894.672313	-1.71E-01
1894.755646	-2.38E-01
1894.838979	-8.96E-02
1894.922313	1.43E-01
1895.005646	4.83E-01
1895.088979	6.48E-01
1895.172313	5.68E-01
1895.255646	2.92E-01
1895.338979	4.25E-02
1895.422313	-1.76E-02
1895.505646	3.51E-02
1895.588979	1.42E-01
1895.672313	1.89E-01
1895.755646	1.67E-01
1895.838979	1.59E-01
1895.922313	1.19E-01
1896.005646	1.48E-01
1896.088979	2.15E-01
1896.172313	3.68E-01
1896.255646	2.77E-01
1896.338979	-5.05E-02
1896.422313	-3.66E-01
1896.505646	-6.44E-01
1896.588979	-8.52E-01
1896.672313	-9.14E-01
1896.755646	-6.53E-01
1896.838979	-2.29E-01
1896.922313	1.41E-01
1897.005646	3.62E-01
1897.088979	5.94E-01
1897.172313	9.74E-01
1897.255646	1.26E+00
1897.338979	1.29E+00
1897.422313	9.16E-01
1897.505646	3.73E-01
1897.588979	-5.54E-02
1897.672313	-2.43E-01
1897.755646	-1.38E-01
1897.838979	-1.45E-02
1897.922313	4.56E-02
1898.005646	8.23E-02
1898.088979	2.45E-02
1898.172313	-4.62E-01
1898.255646	-1.21E+00
1898.338979	-1.72E+00
1898.422313	-1.68E+00
1898.505646	-1.30E+00
1898.588979	-9.40E-01
1898.672313	-6.77E-01
1898.755646	-5.94E-01
1898.838979	-6.26E-01
1898.922313	-8.18E-01
1899.005646	-1.10E+00
1899.088979	-1.36E+00
1899.172313	-1.52E+00
1899.255646	-1.48E+00
1899.338979	-1.28E+00
1899.422313	-9.95E-01
1899.505646	-6.98E-01
1899.588979	-4.38E-01
1899.672313	-1.73E-01
1899.755646	8.58E-02
1899.838979	1.09E-01
1899.922313	-1.36E-01
1900.005646	-4.27E-01
1900.088979	-7.48E-01
1900.172313	-8.17E-01
1900.255646	-7.39E-01
1900.338979	-7.42E-01
1900.422313	-8.55E-01
1900.505646	-9.36E-01
1900.588979	-7.95E-01
1900.672313	-6.07E-01
1900.755646	-4.40E-01
1900.838979	-1.16E-01
1900.922313	1.67E-01
1901.005646	9.64E-02
1901.088979	-1.86E-01
1901.172313	-3.63E-01
1901.255646	-2.55E-01
1901.338979	-2.69E-01
1901.422313	-5.48E-01
1901.505646	-1.08E+00
1901.588979	-1.52E+00
1901.672313	-1.57E+00
1901.755646	-1.37E+00
1901.838979	-1.12E+00
1901.922313	-1.09E+00
1902.005646	-1.23E+00
1902.088979	-1.45E+00
1902.172313	-1.56E+00
1902.255646	-1.53E+00
1902.338979	-1.39E+00
1902.422313	-1.23E+00
1902.505646	-1.07E+00
1902.588979	-7.76E-01
1902.672313	-3.23E-01
1902.755646	1.52E-01
1902.838979	4.52E-01
1902.922313	5.33E-01
1903.005646	7.68E-01
1903.088979	1.23E+00
1903.172313	1.40E+00
1903.255646	1.13E+00
1903.338979	6.03E-01
1903.422313	8.06E-02
1903.505646	-4.36E-01
1903.588979	-8.02E-01
1903.672313	-9.46E-01
1903.755646	-8.30E-01
1903.838979	-6.28E-01
1903.922313	-5.21E-01
1904.005646	-5.11E-01
1904.088979	-6.52E-01
1904.172313	-9.25E-01
1904.255646	-1.21E+00
1904.338979	-1.26E+00
1904.422313	-8.84E-01
1904.505646	-4.24E-01
1904.588979	-1.93E-01
1904.672313	-1.18E-02
1904.755646	8.76E-02
1904.838979	7.79E-02
1904.922313	-4.97E-03
1905.005646	-1.08E-01
1905.088979	-2.59E-01
1905.172313	-3.10E-01
1905.255646	-2.46E-01
1905.338979	-2.91E-01
1905.422313	-6.32E-01
1905.505646	-9.48E-01
1905.588979	-9.45E-01
1905.672313	-8.22E-01
1905.755646	-6.46E-01
1905.838979	-5.12E-01
1905.922313	-3.16E-01
1906.005646	-1.38E-01
1906.088979	2.25E-01
1906.172313	4.53E-01
1906.255646	2.52E-01
1906.338979	-2.55E-01
1906.422313	-7.70E-01
1906.505646	-9.86E-01
1906.588979	-1.05E+00
1906.672313	-1.14E+00
1906.755646	-1.17E+00
1906.838979	-1.03E+00
1906.922313	-9.97E-01
1907.005646	-1.34E+00
1907.088979	-2.17E+00
1907.172313	-2.65E+00
1907.255646	-2.50E+00
1907.338979	-1.79E+00
1907.422313	-1.02E+00
1907.505646	-5.36E-01
1907.588979	-1.63E-01
1907.672313	-4.52E-02
1907.755646	-8.52E-02
1907.838979	-2.60E-01
1907.922313	-4.44E-01
1908.005646	-7.88E-01
1908.088979	-1.05E+00
1908.172313	-9.24E-01
1908.255646	-5.32E-01
1908.338979	-2.09E-01
1908.422313	-2.30E-01
1908.505646	-3.37E-01
1908.588979	-4.08E-01
1908.672313	-6.53E-01
1908.755646	-7.55E-01
1908.838979	-5.08E-01
1908.922313	-1.86E-01
1909.005646	-1.17E-01
1909.088979	-2.86E-01
1909.172313	-2.79E-01
1909.255646	-2.27E-01
1909.338979	-4.74E-01
1909.422313	-9.01E-01
1909.505646	-1.15E+00
1909.588979	-1.20E+00
1909.672313	-1.06E+00
1909.755646	-1.06E+00
1909.838979	-1.36E+00
1909.922313	-1.76E+00
1910.005646	-2.04E+00
1910.088979	-2.00E+00
1910.172313	-1.73E+00
1910.255646	-1.28E+00
1910.338979	-7.50E-01
1910.422313	-5.15E-01
1910.505646	-4.40E-01
1910.588979	-5.27E-01
1910.672313	-5.80E-01
1910.755646	-6.65E-01
1910.838979	-7.76E-01
1910.922313	-1.01E+00
1911.005646	-1.37E+00
1911.088979	-1.67E+00
1911.172313	-1.83E+00
1911.255646	-1.75E+00
1911.338979	-1.40E+00
1911.422313	-7.75E-01
1911.505646	-4.06E-01
1911.588979	-6.24E-01
1911.672313	-1.15E+00
1911.755646	-1.36E+00
1911.838979	-1.33E+00
1911.922313	-1.31E+00
1912.005646	-1.30E+00
1912.088979	-1.11E+00
1912.172313	-8.09E-01
1912.255646	-5.61E-01
1912.338979	-2.87E-01
1912.422313	-6.78E-02
1912.505646	-4.67E-02
1912.588979	-1.00E-01
1912.672313	-7.81E-02
1912.755646	6.87E-02
1912.838979	2.50E-01
1912.922313	1.47E-01
1913.005646	-3.15E-01
1913.088979	-8.96E-01
1913.172313	-1.09E+00
1913.255646	-1.03E+00
1913.338979	-9.86E-01
1913.422313	-8.60E-01
1913.505646	-5.09E-01
1913.588979	-1.12E-01
1913.672313	1.55E-02
1913.755646	-6.08E-03
1913.838979	1.32E-01
1913.922313	2.89E-01
1914.005646	1.98E-01
1914.088979	-1.11E-01
1914.172313	-1.56E-01
1914.255646	7.97E-02
1914.338979	2.10E-01
1914.422313	5.93E-02
1914.505646	-1.09E-01
1914.588979	-1.99E-01
1914.672313	-2.42E-01
1914.755646	-1.59E-01
1914.838979	3.83E-01
1914.922313	1.06E+00
1915.005646	1.34E+00
1915.088979	1.18E+00
1915.172313	9.32E-01
1915.255646	5.99E-01
1915.338979	-8.52E-02
1915.422313	-8.61E-01
1915.505646	-1.33E+00
1915.588979	-1.30E+00
1915.672313	-9.94E-01
1915.755646	-7.04E-01
1915.838979	-4.64E-01
1915.922313	-5.04E-01
1916.005646	-5.74E-01
1916.088979	-5.12E-01
1916.172313	-2.79E-01
1916.255646	2.75E-02
1916.338979	2.16E-01
1916.422313	3.06E-01
1916.505646	3.63E-01
1916.588979	4.31E-01
1916.672313	5.88E-01
1916.755646	6.71E-01
1916.838979	4.08E-01
1916.922313	-1.58E-01
1917.005646	-8.08E-01
1917.088979	-1.45E+00
1917.172313	-1.89E+00
1917.255646	-1.93E+00
1917.338979	-1.46E+00
1917.422313	-6.81E-01
1917.505646	-3.04E-02
1917.588979	3.11E-01
1917.672313	2.72E-01
1917.755646	1.50E-02
1917.838979	-2.44E-01
1917.922313	-4.68E-01
1918.005646	-5.52E-01
1918.088979	-7.10E-01
1918.172313	-1.09E+00
1918.255646	-1.54E+00
1918.338979	-1.75E+00
1918.422313	-1.27E+00
1918.505646	-3.60E-01
1918.588979	4.58E-01
1918.672313	6.44E-01
1918.755646	2.33E-01
1918.838979	-1.52E-01
1918.922313	-1.32E-01
1919.005646	2.20E-01
1919.088979	6.10E-01
1919.172313	9.61E-01
1919.255646	1.25E+00
1919.338979	1.32E+00
1919.422313	1.08E+00
1919.505646	6.89E-01
1919.588979	2.92E-01
1919.672313	-8.83E-02
1919.755646	-3.90E-01
1919.838979	-5.24E-01
1919.922313	-3.60E-01
1920.005646	-1.11E-01
1920.088979	1.23E-01
1920.172313	2.12E-01
1920.255646	1.75E-01
1920.338979	1.37E-02
1920.422313	-5.43E-02
1920.505646	1.45E-01
1920.588979	5.05E-01
1920.672313	7.61E-01
1920.755646	9.20E-01
1920.838979	9.58E-01
1920.922313	6.09E-01
1921.005646	-4.72E-02
1921.088979	-6.10E-01
1921.172313	-6.82E-01
1921.255646	-5.97E-01
1921.338979	-5.72E-01
1921.422313	-5.60E-01
1921.505646	-3.98E-01
1921.588979	-1.05E-01
1921.672313	7.34E-02
1921.755646	2.01E-01
1921.838979	2.16E-01
1921.922313	1.02E-01
1922.005646	-3.83E-01
1922.088979	-8.46E-01
1922.172313	-9.03E-01
1922.255646	-6.66E-01
1922.338979	-4.62E-01
1922.422313	-5.13E-01
1922.505646	-4.59E-01
1922.588979	-1.59E-01
1922.672313	3.05E-02
1922.755646	-4.15E-02
1922.838979	-1.66E-01
1922.922313	-2.42E-01
1923.005646	-2.39E-01
1923.088979	-3.57E-01
1923.172313	-4.40E-01
1923.255646	-4.88E-01
1923.338979	-5.33E-01
1923.422313	-4.34E-01
1923.505646	-3.42E-01
1923.588979	-3.39E-01
1923.672313	-3.73E-01
1923.755646	-3.19E-01
1923.838979	-1.42E-01
1923.922313	-5.91E-02
1924.005646	1.22E-01
1924.088979	5.71E-01
1924.172313	1.20E+00
1924.255646	1.76E+00
1924.338979	1.64E+00
1924.422313	8.88E-01
1924.505646	-1.20E-01
1924.588979	-7.94E-01
1924.672313	-8.27E-01
1924.755646	-6.20E-01
1924.838979	-4.96E-01
1924.922313	-4.89E-01
1925.005646	-4.66E-01
1925.088979	-4.63E-01
1925.172313	-3.49E-01
1925.255646	-2.28E-01
1925.338979	-1.57E-01
1925.422313	-2.52E-01
1925.505646	-2.48E-01
1925.588979	4.15E-02
1925.672313	6.03E-01
1925.755646	9.94E-01
1925.838979	1.07E+00
1925.922313	8.49E-01
1926.005646	6.37E-01
1926.088979	9.20E-01
1926.172313	1.31E+00
1926.255646	1.53E+00
1926.338979	1.23E+00
1926.422313	7.63E-01
1926.505646	3.38E-01
1926.588979	1.02E-01
1926.672313	2.59E-03
1926.755646	5.59E-02
1926.838979	3.21E-01
1926.922313	4.94E-01
1927.005646	6.32E-01
1927.088979	5.08E-01
1927.172313	4.27E-01
1927.255646	2.45E-01
1927.338979	-8.47E-02
1927.422313	-3.06E-01
1927.505646	-1.98E-01
1927.588979	9.75E-02
1927.672313	7.48E-02
1927.755646	-1.47E-01
1927.838979	-2.28E-01
1927.922313	-2.23E-01
1928.005646	-3.97E-01
1928.088979	-6.96E-01
1928.172313	-8.29E-01
1928.255646	-6.58E-01
1928.338979	-4.51E-01
1928.422313	-3.70E-01
1928.505646	-4.36E-01
1928.588979	-4.95E-01
1928.672313	-4.40E-01
1928.755646	-3.41E-01
1928.838979	-3.59E-01
1928.922313	-5.43E-01
1929.005646	-9.23E-01
1929.088979	-1.30E+00
1929.172313	-1.41E+00
1929.255646	-1.08E+00
1929.338979	-5.82E-01
1929.422313	-2.84E-01
1929.505646	-2.92E-01
1929.588979	-3.69E-01
1929.672313	-2.98E-01
1929.755646	-2.49E-01
1929.838979	-2.19E-01
1929.922313	-2.38E-01
1930.005646	-2.93E-01
1930.088979	-2.59E-01
1930.172313	-1.53E-01
1930.255646	-1.21E-02
1930.338979	1.40E-01
1930.422313	6.75E-02
1930.505646	-2.20E-01
1930.588979	-5.53E-01
1930.672313	-6.22E-01
1930.755646	-4.81E-01
1930.838979	-3.24E-01
1930.922313	-2.49E-01
1931.005646	-1.70E-01
1931.088979	-3.33E-01
1931.172313	-5.35E-01
1931.255646	-2.95E-01
1931.338979	1.83E-01
1931.422313	5.30E-01
1931.505646	3.42E-01
1931.588979	-1.65E-01
1931.672313	-6.40E-01
1931.755646	-7.99E-01
1931.838979	-5.86E-01
1931.922313	-3.19E-01
1932.005646	-2.97E-01
1932.088979	-6.61E-01
1932.172313	-9.83E-01
1932.255646	-8.92E-01
1932.338979	-7.34E-01
1932.422313	-7.26E-01
1932.505646	-9.83E-01
1932.588979	-1.04E+00
1932.672313	-7.23E-01
1932.755646	-4.49E-01
1932.838979	-2.93E-01
1932.922313	-2.56E-01
1933.005646	-2.76E-01
1933.088979	-2.16E-01
1933.172313	-3.66E-01
1933.255646	-4.91E-01
1933.338979	-3.08E-01
1933.422313	-2.33E-02
1933.505646	2.14E-01
1933.588979	2.86E-01
1933.672313	4.88E-01
1933.755646	5.50E-01
1933.838979	2.87E-01
1933.922313	-1.28E-01
1934.005646	-4.75E-01
1934.088979	-1.13E+00
1934.172313	-1.87E+00
1934.255646	-2.10E+00
1934.338979	-1.62E+00
1934.422313	-1.08E+00
1934.505646	-8.51E-01
1934.588979	-6.06E-01
1934.672313	-2.44E-01
1934.755646	2.87E-02
1934.838979	1.70E-01
1934.922313	2.25E-01
1935.005646	3.34E-01
1935.088979	3.04E-01
1935.172313	1.92E-01
1935.255646	1.31E-01
1935.338979	1.47E-01
1935.422313	3.01E-01
1935.505646	3.76E-01
1935.588979	5.00E-01
1935.672313	4.89E-01
1935.755646	4.57E-01
1935.838979	5.26E-01
1935.922313	7.33E-01
1936.005646	9.14E-01
1936.088979	8.27E-01
1936.172313	5.95E-01
1936.255646	5.08E-01
1936.338979	6.14E-01
1936.422313	7.70E-01
1936.505646	5.61E-01
1936.588979	1.35E-01
1936.672313	-7.18E-02
1936.755646	-1.42E-02
1936.838979	2.61E-01
1936.922313	4.76E-01
1937.005646	4.50E-01
1937.088979	2.03E-01
1937.172313	-2.48E-01
1937.255646	-3.34E-01
1937.338979	-1.89E-01
1937.422313	-3.31E-03
1937.505646	4.35E-02
1937.588979	-8.27E-02
1937.672313	-2.39E-01
1937.755646	-2.16E-01
1937.838979	-6.74E-02
1937.922313	-7.55E-02
1938.005646	-2.00E-01
1938.088979	-9.60E-02
1938.172313	2.52E-01
1938.255646	4.51E-01
1938.338979	3.91E-01
1938.422313	3.14E-01
1938.505646	2.35E-01
1938.588979	1.86E-01
1938.672313	8.59E-02
1938.755646	1.07E-01
1938.838979	5.04E-02
1938.922313	-1.98E-01
1939.005646	-3.13E-01
1939.088979	-2.89E-01
1939.172313	-1.92E-01
1939.255646	-4.64E-01
1939.338979	-8.66E-01
1939.422313	-8.26E-01
1939.505646	-2.54E-01
1939.588979	3.96E-01
1939.672313	5.59E-01
1939.755646	2.29E-01
1939.838979	-8.98E-02
1939.922313	-1.69E-01
1940.005646	-1.99E-01
1940.088979	-1.86E-01
1940.172313	-1.72E-02
1940.255646	1.65E-01
1940.338979	2.32E-01
1940.422313	2.95E-01
1940.505646	3.46E-01
1940.588979	1.29E-01
1940.672313	-3.66E-01
1940.755646	-7.38E-01
1940.838979	-5.85E-01
1940.922313	-2.38E-01
1941.005646	2.08E-02
1941.088979	6.30E-02
1941.172313	-3.83E-02
1941.255646	-1.18E-01
1941.338979	-2.22E-01
1941.422313	-3.11E-01
1941.505646	-5.42E-01
1941.588979	-7.14E-01
1941.672313	-6.62E-01
1941.755646	-4.12E-01
1941.838979	-2.66E-01
1941.922313	-3.19E-01
1942.005646	-3.73E-01
1942.088979	-2.94E-01
1942.172313	-3.70E-02
1942.255646	4.45E-01
1942.338979	7.50E-01
1942.422313	6.49E-01
1942.505646	2.27E-01
1942.588979	-1.39E-01
1942.672313	-3.06E-01
1942.755646	-5.48E-01
1942.838979	-1.02E+00
1942.922313	-1.41E+00
1943.005646	-1.71E+00
1943.088979	-1.81E+00
1943.172313	-1.64E+00
1943.255646	-1.31E+00
1943.338979	-9.70E-01
1943.422313	-9.03E-01
1943.505646	-8.01E-01
1943.588979	-5.70E-01
1943.672313	-3.34E-01
1943.755646	-1.56E-01
1943.838979	1.44E-01
1943.922313	6.02E-01
1944.005646	9.63E-01
1944.088979	7.77E-01
1944.172313	1.83E-01
1944.255646	-3.24E-01
1944.338979	-4.84E-01
1944.422313	-3.35E-01
1944.505646	3.93E-02
1944.588979	3.73E-01
1944.672313	4.04E-01
1944.755646	4.08E-01
1944.838979	4.99E-01
1944.922313	7.61E-01
1945.005646	8.72E-01
1945.088979	9.51E-01
1945.172313	7.82E-01
1945.255646	3.33E-01
1945.338979	1.86E-01
1945.422313	3.37E-01
1945.505646	6.02E-01
1945.588979	7.10E-01
1945.672313	6.06E-01
1945.755646	1.98E-01
1945.838979	-4.75E-01
1945.922313	-8.65E-01
1946.005646	-9.10E-01
1946.088979	-8.38E-01
1946.172313	-7.33E-01
1946.255646	-5.46E-01
1946.338979	-3.53E-01
1946.422313	-9.66E-02
1946.505646	2.12E-01
1946.588979	3.47E-01
1946.672313	5.01E-02
1946.755646	-6.25E-02
1946.838979	6.66E-02
1946.922313	3.07E-01
1947.005646	5.22E-01
1947.088979	7.23E-01
1947.172313	9.53E-01
1947.255646	8.66E-01
1947.338979	5.90E-01
1947.422313	2.69E-01
1947.505646	1.07E-01
1947.588979	1.93E-01
1947.672313	3.44E-01
1947.755646	4.54E-01
1947.838979	4.91E-01
1947.922313	3.11E-01
1948.005646	-1.95E-01
1948.088979	-8.92E-01
1948.172313	-1.30E+00
1948.255646	-1.19E+00
1948.338979	-7.62E-01
1948.422313	-3.35E-01
1948.505646	-1.46E-01
1948.588979	5.16E-03
1948.672313	2.20E-01
1948.755646	3.74E-01
1948.838979	4.60E-01
1948.922313	4.69E-01
1949.005646	2.99E-01
1949.088979	-1.10E-01
1949.172313	-3.40E-01
1949.255646	-3.03E-01
1949.338979	-2.93E-01
1949.422313	-2.36E-01
1949.505646	6.68E-02
1949.588979	4.60E-01
1949.672313	6.96E-01
1949.755646	6.49E-01
1949.838979	6.21E-01
1949.922313	6.59E-01
1950.005646	7.23E-01
1950.088979	8.54E-01
1950.172313	8.71E-01
1950.255646	6.23E-01
1950.338979	2.16E-01
1950.422313	-2.32E-02
1950.505646	-2.01E-01
1950.588979	-5.39E-01
1950.672313	-9.59E-01
1950.755646	-1.01E+00
1950.838979	-7.63E-01
1950.922313	-5.28E-01
1951.005646	-3.27E-01
1951.088979	-2.23E-01
1951.172313	-2.93E-01
1951.255646	-3.91E-01
1951.338979	-1.72E-01
1951.422313	3.84E-01
1951.505646	8.79E-01
1951.588979	1.16E+00
1951.672313	8.70E-01
1951.755646	3.41E-01
1951.838979	-2.10E-02
1951.922313	2.19E-03
1952.005646	3.74E-01
1952.088979	7.20E-01
1952.172313	9.44E-01
1952.255646	9.78E-01
1952.338979	8.44E-01
1952.422313	6.92E-01
1952.505646	5.88E-01
1952.588979	6.01E-01
1952.672313	7.45E-01
1952.755646	7.16E-01
1952.838979	5.92E-01
1952.922313	3.62E-01
1953.005646	6.12E-02
1953.088979	-2.78E-01
1953.172313	-5.13E-01
1953.255646	-3.99E-01
1953.338979	-5.49E-02
1953.422313	4.88E-01
1953.505646	9.88E-01
1953.588979	1.24E+00
1953.672313	1.12E+00
1953.755646	9.92E-01
1953.838979	8.86E-01
1953.922313	7.53E-01
1954.005646	5.01E-01
1954.088979	3.09E-01
1954.172313	3.02E-01
1954.255646	3.07E-01
1954.338979	3.19E-01
1954.422313	1.85E-01
1954.505646	-3.45E-02
1954.588979	-1.90E-01
1954.672313	-5.89E-02
1954.755646	-2.62E-02
1954.838979	-3.03E-01
1954.922313	-8.25E-01
1955.005646	-1.16E+00
1955.088979	-1.18E+00
1955.172313	-1.15E+00
1955.255646	-1.03E+00
1955.338979	-6.97E-01
1955.422313	-1.49E-01
1955.505646	2.42E-01
1955.588979	3.51E-01
1955.672313	3.71E-01
1955.755646	1.17E-01
1955.838979	-3.13E-01
1955.922313	-6.34E-01
1956.005646	-5.88E-01
1956.088979	-5.17E-01
1956.172313	-7.16E-01
1956.255646	-7.51E-01
1956.338979	-5.40E-01
1956.422313	-1.78E-01
1956.505646	1.12E-01
1956.588979	3.12E-01
1956.672313	3.27E-01
1956.755646	-3.05E-02
1956.838979	-6.82E-01
1956.922313	-1.40E+00
1957.005646	-1.78E+00
1957.088979	-1.73E+00
1957.172313	-1.39E+00
1957.255646	-1.04E+00
1957.338979	-6.76E-01
1957.422313	-4.25E-01
1957.505646	-4.78E-01
1957.588979	-6.00E-01
1957.672313	-5.74E-01
1957.755646	-3.63E-01
1957.838979	-3.55E-01
1957.922313	-4.98E-01
1958.005646	-4.54E-01
1958.088979	-2.48E-01
1958.172313	-1.12E-01
1958.255646	-2.36E-01
1958.338979	-3.75E-01
1958.422313	-4.28E-01
1958.505646	-3.77E-01
1958.588979	-3.96E-01
1958.672313	-4.44E-01
1958.755646	-5.25E-01
1958.838979	-8.56E-01
1958.922313	-1.38E+00
1959.005646	-2.02E+00
1959.088979	-2.49E+00
1959.172313	-2.53E+00
1959.255646	-2.16E+00
1959.338979	-1.63E+00
1959.422313	-1.00E+00
1959.505646	-6.20E-01
1959.588979	-5.64E-01
1959.672313	-7.05E-01
1959.755646	-9.46E-01
1959.838979	-1.12E+00
1959.922313	-1.31E+00
1960.005646	-1.45E+00
1960.088979	-1.45E+00
1960.172313	-1.33E+00
1960.255646	-1.11E+00
1960.338979	-8.02E-01
1960.422313	-5.60E-01
1960.505646	-2.40E-01
1960.588979	-9.08E-02
1960.672313	-4.11E-01
1960.755646	-9.93E-01
1960.838979	-1.42E+00
1960.922313	-1.46E+00
1961.005646	-1.28E+00
1961.088979	-1.03E+00
1961.172313	-9.52E-01
1961.255646	-1.13E+00
1961.338979	-1.36E+00
1961.422313	-1.16E+00
1961.505646	-5.52E-01
1961.588979	-8.64E-03
1961.672313	-3.19E-02
1961.755646	-4.18E-01
1961.838979	-4.91E-01
1961.922313	2.87E-01
1962.005646	1.60E+00
1962.088979	2.59E+00
1962.172313	2.87E+00
1962.255646	2.56E+00
1962.338979	2.11E+00
1962.422313	1.86E+00
1962.505646	1.87E+00
1962.588979	1.94E+00
1962.672313	1.67E+00
1962.755646	9.59E-01
1962.838979	1.34E-01
1962.922313	-4.04E-01
1963.005646	-4.75E-01
1963.088979	-1.63E-01
1963.172313	1.56E-01
1963.255646	2.82E-01
1963.338979	2.92E-01
1963.422313	5.19E-01
1963.505646	1.01E+00
1963.588979	1.37E+00
1963.672313	1.27E+00
1963.755646	7.27E-01
1963.838979	1.83E-01
1963.922313	1.86E-01
1964.005646	8.26E-01
1964.088979	1.50E+00
1964.172313	1.89E+00
1964.255646	1.92E+00
1964.338979	1.68E+00
1964.422313	9.74E-01
1964.505646	-1.04E-01
1964.588979	-7.81E-01
1964.672313	-7.99E-01
1964.755646	-5.78E-01
1964.838979	-4.78E-01
1964.922313	-7.25E-01
1965.005646	-9.90E-01
1965.088979	-1.26E+00
1965.172313	-1.55E+00
1965.255646	-1.42E+00
1965.338979	-9.08E-01
1965.422313	-3.40E-01
1965.505646	-2.36E-01
1965.588979	-3.94E-01
1965.672313	-3.99E-01
1965.755646	-4.01E-01
1965.838979	-5.61E-01
1965.922313	-7.20E-01
1966.005646	-5.60E-01
1966.088979	-1.44E-01
1966.172313	3.59E-01
1966.255646	6.09E-01
1966.338979	4.69E-01
1966.422313	1.23E-01
1966.505646	-8.98E-02
1966.588979	-1.55E-01
1966.672313	-3.07E-01
1966.755646	-5.16E-01
1966.838979	-4.84E-01
1966.922313	-7.23E-02
1967.005646	5.15E-01
1967.088979	1.02E+00
1967.172313	1.08E+00
1967.255646	7.01E-01
1967.338979	1.96E-01
1967.422313	-9.95E-02
1967.505646	-4.26E-02
1967.588979	2.83E-01
1967.672313	4.70E-01
1967.755646	4.17E-01
1967.838979	2.89E-01
1967.922313	4.74E-01
1968.005646	9.09E-01
1968.088979	1.23E+00
1968.172313	1.40E+00
1968.255646	1.37E+00
1968.338979	1.18E+00
1968.422313	1.00E+00
1968.505646	1.06E+00
1968.588979	1.20E+00
1968.672313	1.15E+00
1968.755646	8.66E-01
1968.838979	6.44E-01
1968.922313	3.78E-01
1969.005646	2.43E-02
1969.088979	-4.23E-01
1969.172313	-6.91E-01
1969.255646	-6.76E-01
1969.338979	-4.97E-01
1969.422313	-2.32E-01
1969.505646	-4.08E-02
1969.588979	1.69E-01
1969.672313	3.39E-01
1969.755646	4.18E-01
1969.838979	9.93E-02
1969.922313	-3.32E-01
1970.005646	-5.04E-01
1970.088979	-2.73E-01
1970.172313	1.21E-01
1970.255646	4.07E-01
1970.338979	5.58E-01
1970.422313	7.26E-01
1970.505646	1.01E+00
1970.588979	1.17E+00
1970.672313	1.18E+00
1970.755646	1.09E+00
1970.838979	8.17E-01
1970.922313	2.67E-01
1971.005646	-2.89E-01
1971.088979	-5.22E-01
1971.172313	-5.40E-01
1971.255646	-5.29E-01
1971.338979	-4.09E-01
1971.422313	2.88E-02
1971.505646	4.54E-01
1971.588979	7.62E-01
1971.672313	9.74E-01
1971.755646	9.80E-01
1971.838979	7.49E-01
1971.922313	3.08E-01
1972.005646	-1.25E-01
1972.088979	-4.83E-01
1972.172313	-7.51E-01
1972.255646	-5.75E-01
1972.338979	9.43E-02
1972.422313	7.79E-01
1972.505646	8.88E-01
1972.588979	6.07E-01
1972.672313	4.84E-01
1972.755646	6.90E-01
1972.838979	1.27E+00
1972.922313	1.99E+00
1973.005646	2.55E+00
1973.088979	2.65E+00
1973.172313	2.39E+00
1973.255646	2.30E+00
1973.338979	2.33E+00
1973.422313	2.06E+00
1973.505646	1.41E+00
1973.588979	7.42E-01
1973.672313	4.14E-01
1973.755646	4.48E-01
1973.838979	4.45E-01
1973.922313	2.21E-01
1974.005646	-2.20E-01
1974.088979	-6.95E-01
1974.172313	-7.99E-01
1974.255646	-5.16E-01
1974.338979	3.59E-02
1974.422313	6.28E-01
1974.505646	9.92E-01
1974.588979	1.16E+00
1974.672313	1.06E+00
1974.755646	7.10E-01
1974.838979	4.11E-01
1974.922313	2.55E-01
1975.005646	1.25E-01
1975.088979	-1.95E-01
1975.172313	-6.84E-01
1975.255646	-9.70E-01
1975.338979	-9.27E-01
1975.422313	-7.09E-01
1975.505646	-4.66E-01
1975.588979	-4.55E-01
1975.672313	-2.92E-01
1975.755646	1.10E-01
1975.838979	5.64E-01
1975.922313	8.15E-01
1976.005646	6.31E-01
1976.088979	8.95E-02
1976.172313	-7.48E-01
1976.255646	-1.20E+00
1976.338979	-9.28E-01
1976.422313	-2.22E-01
1976.505646	3.60E-01
1976.588979	5.80E-01
1976.672313	7.04E-01
1976.755646	7.36E-01
1976.838979	9.15E-01
1976.922313	1.39E+00
1977.005646	1.76E+00
1977.088979	1.63E+00
1977.172313	1.04E+00
1977.255646	5.26E-01
1977.338979	4.28E-01
1977.422313	4.96E-01
1977.505646	4.34E-01
1977.588979	4.03E-01
1977.672313	4.37E-01
1977.755646	4.04E-01
1977.838979	2.56E-01
1977.922313	1.25E-01
1978.005646	1.86E-01
1978.088979	2.64E-01
1978.172313	5.15E-01
1978.255646	7.90E-01
1978.338979	8.79E-01
1978.422313	3.63E-01
1978.505646	-3.84E-01
1978.588979	-9.29E-01
1978.672313	-9.95E-01
1978.755646	-7.80E-01
1978.838979	-5.39E-01
1978.922313	-2.16E-01
1979.005646	1.02E-01
1979.088979	3.52E-01
1979.172313	2.36E-01
1979.255646	-5.58E-02
1979.338979	-2.65E-01
1979.422313	-1.54E-02
1979.505646	3.89E-01
1979.588979	5.74E-01
1979.672313	3.82E-01
1979.755646	3.93E-03
1979.838979	-2.76E-02
1979.922313	5.76E-02
1980.005646	2.16E-01
1980.088979	2.51E-01
1980.172313	1.94E-01
1980.255646	2.04E-01
1980.338979	1.93E-01
1980.422313	1.84E-01
1980.505646	1.47E-01
1980.588979	-6.81E-02
1980.672313	-2.06E-01
1980.755646	-8.02E-02
1980.838979	4.20E-02
1980.922313	-1.52E-01
1981.005646	-7.09E-01
1981.088979	-1.12E+00
1981.172313	-1.17E+00
1981.255646	-9.61E-01
1981.338979	-7.49E-01
1981.422313	-5.70E-01
1981.505646	-2.83E-01
1981.588979	1.00E-01
1981.672313	4.72E-01
1981.755646	6.36E-01
1981.838979	5.40E-01
1981.922313	1.60E-01
1982.005646	-3.59E-01
1982.088979	-7.76E-01
1982.172313	-9.23E-01
1982.255646	-7.77E-01
1982.338979	-3.52E-01
1982.422313	2.12E-01
1982.505646	6.92E-01
1982.588979	8.92E-01
1982.672313	8.87E-01
1982.755646	9.24E-01
1982.838979	1.09E+00
1982.922313	1.34E+00
1983.005646	1.53E+00
1983.088979	1.77E+00
1983.172313	2.16E+00
1983.255646	2.35E+00
1983.338979	1.95E+00
1983.422313	9.19E-01
1983.505646	-1.89E-01
1983.588979	-9.77E-01
1983.672313	-1.31E+00
1983.755646	-1.04E+00
1983.838979	-1.68E-01
1983.922313	1.01E+00
1984.005646	1.82E+00
1984.088979	1.91E+00
1984.172313	1.40E+00
1984.255646	6.71E-01
1984.338979	2.37E-01
1984.422313	8.33E-02
1984.505646	7.71E-02
1984.588979	8.29E-02
1984.672313	1.96E-01
1984.755646	2.73E-01
1984.838979	1.17E-01
1984.922313	-1.32E-01
1985.005646	-3.33E-01
1985.088979	-4.24E-01
1985.172313	-5.76E-01
1985.255646	-6.58E-01
1985.338979	-5.47E-01
1985.422313	-4.69E-01
1985.505646	-6.29E-01
1985.588979	-9.40E-01
1985.672313	-9.52E-01
1985.755646	-5.94E-01
1985.838979	-4.11E-01
1985.922313	-4.77E-01
1986.005646	-5.94E-01
1986.088979	-3.70E-01
1986.172313	-1.22E-01
1986.255646	1.23E-01
1986.338979	1.82E-01
1986.422313	1.26E-01
1986.505646	6.55E-02
1986.588979	8.48E-03
1986.672313	-2.11E-03
1986.755646	-7.16E-02
1986.838979	-8.55E-02
1986.922313	-1.84E-01
1987.005646	-3.46E-01
1987.088979	-2.67E-01
1987.172313	1.70E-01
1987.255646	5.02E-01
1987.338979	4.14E-01
1987.422313	1.65E-01
1987.505646	1.69E-01
1987.588979	3.07E-01
1987.672313	3.13E-01
1987.755646	3.70E-01
1987.838979	5.96E-01
1987.922313	9.79E-01
1988.005646	1.31E+00
1988.088979	1.64E+00
1988.172313	1.92E+00
1988.255646	1.77E+00
1988.338979	1.39E+00
1988.422313	1.16E+00
1988.505646	1.02E+00
1988.588979	6.63E-01
1988.672313	1.72E-01
1988.755646	-2.16E-01
1988.838979	-3.22E-01
1988.922313	-2.31E-01
1989.005646	-2.89E-02
1989.088979	1.36E-01
1989.172313	-4.23E-03
1989.255646	-1.06E-01
1989.338979	1.45E-01
1989.422313	3.65E-01
1989.505646	4.17E-01
1989.588979	1.57E-01
1989.672313	-1.98E-01
1989.755646	-5.59E-01
1989.838979	-1.02E+00
1989.922313	-1.14E+00
1990.005646	-8.81E-01
1990.088979	-3.28E-01
1990.172313	6.79E-02
1990.255646	8.04E-02
1990.338979	-3.64E-03
1990.422313	5.31E-03
1990.505646	4.01E-02
1990.588979	5.61E-03
1990.672313	-1.51E-01
1990.755646	-2.90E-01
1990.838979	-5.04E-01
1990.922313	-5.56E-01
1991.005646	-4.17E-01
1991.088979	-1.04E-01
1991.172313	1.46E-01
1991.255646	2.71E-01
1991.338979	4.11E-01
1991.422313	5.37E-01
1991.505646	5.88E-01
1991.588979	4.87E-01
1991.672313	5.59E-01
1991.755646	9.40E-01
1991.838979	1.36E+00
1991.922313	1.57E+00
1992.005646	1.49E+00
1992.088979	1.38E+00
1992.172313	1.26E+00
1992.255646	1.12E+00
1992.338979	1.00E+00
1992.422313	6.66E-01
1992.505646	1.74E-01
1992.588979	-4.90E-01
1992.672313	-9.84E-01
1992.755646	-1.15E+00
1992.838979	-1.28E+00
1992.922313	-1.24E+00
1993.005646	-1.22E+00
1993.088979	-1.18E+00
1993.172313	-1.13E+00
1993.255646	-9.98E-01
1993.338979	-6.50E-01
1993.422313	-3.56E-01
1993.505646	-6.43E-02
1993.588979	7.48E-02
1993.672313	6.77E-02
1993.755646	6.89E-02
1993.838979	1.81E-01
1993.922313	3.66E-01
1994.005646	3.27E-01
1994.088979	2.88E-01
1994.172313	3.72E-01
1994.255646	4.66E-01
1994.338979	4.24E-01
1994.422313	3.30E-01
1994.505646	2.88E-01
1994.588979	4.33E-01
1994.672313	7.68E-01
1994.755646	1.30E+00
1994.838979	1.78E+00
1994.922313	2.07E+00
1995.005646	2.41E+00
1995.088979	2.71E+00
1995.172313	2.95E+00
1995.255646	2.77E+00
1995.338979	2.29E+00
1995.422313	1.70E+00
1995.505646	1.24E+00
1995.588979	9.40E-01
1995.672313	5.83E-01
1995.755646	2.27E-01
1995.838979	5.89E-02
1995.922313	1.52E-01
1996.005646	3.30E-01
1996.088979	4.60E-01
1996.172313	4.29E-01
1996.255646	2.74E-01
1996.338979	2.47E-01
1996.422313	3.79E-01
1996.505646	5.44E-01
1996.588979	5.08E-01
1996.672313	2.27E-01
1996.755646	-3.36E-02
1996.838979	-2.72E-01
1996.922313	-4.88E-01
1997.005646	-7.41E-01
1997.088979	-9.74E-01
1997.172313	-1.25E+00
1997.255646	-1.51E+00
1997.338979	-1.51E+00
1997.422313	-1.02E+00
1997.505646	-2.25E-01
1997.588979	3.52E-01
1997.672313	6.25E-01
1997.755646	6.97E-01
1997.838979	7.36E-01
1997.922313	1.04E+00
1998.005646	1.65E+00
1998.088979	2.42E+00
1998.172313	3.08E+00
1998.255646	3.63E+00
1998.338979	3.88E+00
1998.422313	3.57E+00
1998.505646	2.82E+00
1998.588979	1.87E+00
1998.672313	1.18E+00
1998.755646	8.38E-01
1998.838979	8.48E-01
1998.922313	7.99E-01
1999.005646	3.24E-01
1999.088979	-2.12E-01
1999.172313	-5.83E-01
1999.255646	-7.82E-01
1999.338979	-8.38E-01
1999.422313	-6.19E-01
1999.505646	-1.42E-01
1999.588979	3.10E-01
1999.672313	5.59E-01
1999.755646	5.59E-01
1999.838979	3.94E-01
1999.922313	4.13E-01
2000.005646	6.66E-01
2000.088979	9.37E-01
2000.172313	9.39E-01
2000.255646	7.43E-01
2000.338979	5.35E-01
2000.422313	3.53E-01
2000.505646	3.08E-01
2000.588979	4.38E-01
2000.672313	6.94E-01
2000.755646	9.10E-01
2000.838979	9.20E-01
2000.922313	8.87E-01
2001.005646	9.63E-01
2001.088979	1.07E+00
2001.172313	1.03E+00
2001.255646	7.04E-01
2001.338979	3.16E-01
2001.422313	-7.90E-02
2001.505646	-1.96E-01
2001.588979	-1.13E-02
2001.672313	3.72E-01
2001.755646	7.44E-01
2001.838979	9.30E-01
2001.922313	9.31E-01
2002.005646	6.70E-01
2002.088979	4.09E-01
2002.172313	1.96E-01
2002.255646	9.16E-02
2002.338979	1.10E-01
2002.422313	1.77E-01
2002.505646	2.67E-01
2002.588979	2.99E-01
2002.672313	1.97E-01
2002.755646	-3.12E-03
2002.838979	-1.80E-01
2002.922313	-1.45E-01
2003.005646	5.75E-02
2003.088979	4.91E-01
2003.172313	1.17E+00
2003.255646	1.66E+00
2003.338979	1.47E+00
2003.422313	7.49E-01
2003.505646	2.74E-01
2003.588979	2.30E-01
2003.672313	3.38E-01
2003.755646	3.35E-01
2003.838979	3.83E-01
2003.922313	6.69E-01
2004.005646	1.01E+00
2004.088979	1.17E+00
2004.172313	9.95E-01
2004.255646	6.92E-01
2004.338979	5.96E-01
2004.422313	6.87E-01
2004.505646	8.33E-01
2004.588979	8.41E-01
2004.672313	7.09E-01
2004.755646	3.21E-01
2004.838979	-2.09E-01
2004.922313	-4.70E-01
2005.005646	-2.56E-01
2005.088979	2.23E-01
2005.172313	6.27E-01
2005.255646	7.65E-01
2005.338979	6.41E-01
2005.422313	3.92E-01
2005.505646	-4.55E-03
2005.588979	-4.19E-01
2005.672313	-4.72E-01
2005.755646	-7.44E-02
2005.838979	3.46E-01
2005.922313	3.03E-01
2006.005646	1.67E-02
2006.088979	-1.87E-01
2006.172313	-2.67E-01
2006.255646	-2.41E-01
2006.338979	-1.78E-01
2006.422313	-7.65E-02
2006.505646	-7.93E-02
2006.588979	-1.28E-01
2006.672313	-5.83E-02
2006.755646	6.56E-02
2006.838979	2.32E-01
2006.922313	4.15E-01
2007.005646	7.64E-01
2007.088979	1.35E+00
2007.172313	1.98E+00
2007.255646	2.38E+00
2007.338979	2.28E+00
2007.422313	1.80E+00
2007.505646	1.33E+00
2007.588979	1.06E+00
2007.672313	9.50E-01
2007.755646	9.77E-01
2007.838979	1.03E+00
2007.922313	1.05E+00
2008.005646	1.11E+00
2008.088979	1.33E+00
2008.172313	1.55E+00
2008.255646	1.44E+00
2008.338979	9.79E-01
2008.422313	6.15E-01
2008.505646	4.80E-01
2008.588979	5.58E-01
2008.672313	5.46E-01
2008.755646	5.71E-01
2008.838979	7.85E-01
2008.922313	1.12E+00
2009.005646	1.38E+00
2009.088979	1.41E+00
2009.172313	1.36E+00
2009.255646	1.14E+00
2009.338979	8.55E-01
2009.422313	6.19E-01
2009.505646	6.41E-01
2009.588979	7.87E-01
2009.672313	8.83E-01
2009.755646	9.93E-01
2009.838979	1.07E+00
2009.922313	9.81E-01
2010.005646	7.40E-01
2010.088979	5.94E-01
2010.172313	7.06E-01
2010.255646	8.15E-01
2010.338979	8.68E-01
2010.422313	9.82E-01
2010.505646	1.05E+00
2010.588979	1.19E+00
2010.672313	1.36E+00
2010.755646	1.38E+00
2010.838979	1.07E+00
2010.922313	6.70E-01
2011.005646	5.82E-01
2011.088979	6.38E-01
2011.172313	4.70E-01
2011.255646	5.23E-02
2011.338979	-2.17E-01
2011.422313	-3.39E-02
2011.505646	5.09E-01
2011.588979	1.08E+00
2011.672313	1.32E+00
2011.755646	1.15E+00
2011.838979	8.66E-01
2011.922313	8.28E-01
2012.005646	1.19E+00
2012.088979	1.60E+00
2012.172313	1.86E+00
2012.255646	1.92E+00
2012.338979	1.65E+00
2012.422313	1.15E+00
2012.505646	6.58E-01
2012.588979	4.75E-01
2012.672313	3.69E-01
2012.755646	1.12E-01
2012.838979	1.65E-02
2012.922313	5.08E-01
2013.005646	1.50E+00
2013.088979	2.33E+00
2013.172313	2.43E+00
2013.255646	1.85E+00
2013.338979	1.29E+00
2013.422313	9.39E-01
2013.505646	8.77E-01
2013.588979	8.51E-01
2013.672313	6.20E-01
2013.755646	1.66E-01
2013.838979	-4.34E-01
2013.922313	-5.73E-01
2014.005646	-2.62E-01
2014.088979	1.18E-01
2014.172313	3.43E-01
2014.255646	5.74E-01
2014.338979	8.95E-01
2014.422313	9.69E-01
2014.505646	7.20E-01
2014.588979	3.63E-01
2014.672313	2.20E-01
2014.755646	2.56E-01
2014.838979	3.56E-01
2014.922313	3.36E-01
2015.005646	1.44E-01
2015.088979	8.09E-02
2015.172313	3.96E-01
2015.255646	8.37E-01
2015.338979	1.02E+00
2015.422313	8.09E-01
2015.505646	3.83E-01
2015.588979	-1.67E-03
2015.672313	-1.07E-01
2015.755646	2.69E-01
2015.838979	8.61E-01
2015.922313	1.31E+00
2016.005646	1.69E+00
2016.088979	1.97E+00
2016.172313	2.22E+00
2016.255646	2.24E+00
2016.338979	2.02E+00
2016.422313	1.72E+00
2016.505646	1.24E+00
2016.588979	8.21E-01
2016.672313	6.14E-01
2016.755646	5.33E-01
