offs    0.00000000000
bg      0.00000000000
impA    5.00471914061
impB    0.10438969980
impC    8.03834243868
delA    4.99554591472
delB    0.25000000000
asym    0.00000000000
ann1    0.00000000000
ann2    0.00000000000
sem1    0.00000000000
sem2    0.00000000000
year    0.00000000000
IR      0.00000000000
ma      0.00000000027
mp      0.00006332375
shfT    0.00000038546
init   -0.00000000000
   9.10846048930   0.00367531219  -1.17528236413
  29.53064709718   0.00363833939  -1.82819515597
  27.09261953873   0.00557215504  -2.50063016317
   6.82354927062   0.00045101426  -2.71284588802
   6.85248206692   0.00544373666  -0.68099358202
  13.60611041000   0.01301664541  -2.17218872413
  13.66081618500   0.32001487582   2.15917157327
3397.64080307470   0.00055510792   0.33721429120
   9.12068594402   0.03472831508  -1.90538048932
  13.77727494000   0.00962342090  -0.60662820453
6795.28160614939   0.00147378556  -3.16942271802
  27.55454988000   0.08700795447  -1.92610509079
  27.66673720859   0.00437023880  -0.55757296177
  27.44326870576   0.00737692812   2.41691240803
1616.09851046018   0.00096087613   2.74084052878
   6.85939920631   0.01547713424  -1.57232911350
   6.83040809250   0.00051246264  -0.80208476526
   9.55687890429   0.01688674483   2.71686566346
   9.13294426107   0.08701892071  -2.86102815940
  27.32163237000   0.00293560651  -1.53671750408
  27.21222082000   0.00273399311   2.75286181580
   9.18484996000   0.00235242153   0.98643163234
  14.76532354859   0.02696220212  -1.36516496094
  31.81207632667   0.01711622689  -2.58663227656
   9.06950090247   0.00106245172  -1.05735245637
  13.63340841926   0.12640992268   3.14586634187
  26.98503088862   0.00352379311  -1.95746355265
ltep    0.63672535374
ltep   46.18895709604
ltep   13.51699225897
ltep  101.07695005996
ltep   11.12583494929
ltep  186.50966763173
ltep  584.40993059127
ltep   68.04009626952
ltep  160.40293227899
ltep  398.64321656532
ltep    0.55458345330
harm  5
harm  10
harm  15
harm  25
harm  190
harm  380
harm  0
