1978.559897	-1.4
1978.573595	-3.76
1978.587294	-6.386666667
1978.600993	-2.92
1978.614691	3.12
1978.62839	5.24
1978.642088	3.986666667
1978.655787	1.56
1978.669486	0.932789116
1978.683184	0.006258503
1978.696883	-0.506122449
1978.710582	-0.533877551
1978.72428	-0.744326531
1978.737979	-0.841632653
1978.751677	0.015510204
1978.765376	0.105306122
1978.779075	-0.146122449
1978.792773	-0.617959184
1978.806472	-1.155918367
1978.820171	-1.724081633
1978.833869	-2.250612245
1978.847568	-2.60244898
1978.861267	-2.542857143
1978.874965	-2.224489796
1978.888664	-2.013877551
1978.902362	-2.031020408
1978.916061	-2.044081633
1978.92976	-1.822857143
1978.943458	-1.545306122
1978.957157	-1.431020408
1978.970856	-1.505306122
1978.984554	-1.571428571
1978.998253	-1.463673469
1979.011951	-1.456326531
1979.02565	-1.751836735
1979.039349	-2.23755102
1979.053047	-2.749387755
1979.066746	-3.013061224
1979.080445	-3.049795918
1979.094143	-3.10122449
1979.107842	-2.982857143
1979.121541	-2.795102041
1979.135239	-2.524081633
1979.148938	-2.205714286
1979.162636	-2.00244898
1979.176335	-1.940408163
1979.190034	-1.743673469
1979.203732	-1.520816327
1979.217431	-1.228571429
1979.23113	-0.935510204
1979.244828	-0.70122449
1979.258527	-0.521632653
1979.272225	-0.39755102
1979.285924	-0.550204082
1979.299623	-0.753469388
1979.313321	-0.764897959
1979.32702	-0.53877551
1979.340719	-0.257959184
1979.354417	-0.069387755
1979.368116	0.145306122
1979.381814	0.43755102
1979.395513	0.579591837
1979.409212	0.486530612
1979.42291	0.123265306
1979.436609	-0.155918367
1979.450308	-0.051428571
1979.464006	0.24
1979.477705	0.715918367
1979.491404	1.365714286
1979.505102	1.937959184
1979.518801	2.356734694
1979.532499	2.44
1979.546198	2.048979592
1979.559897	1.38122449
1979.573595	0.537959184
1979.587294	-0.410612245
1979.600993	-1.241632653
1979.614691	-1.684897959
1979.62839	-1.786122449
1979.642088	-1.707755102
1979.655787	-1.537142857
1979.669486	-1.399183673
1979.683184	-1.235102041
1979.696883	-0.899591837
1979.710582	-0.680816327
1979.72428	-0.628571429
1979.737979	-0.599183673
1979.751677	-0.592653061
1979.765376	-0.424489796
1979.779075	-0.123265306
1979.792773	-0.038367347
1979.806472	-0.054693878
1979.820171	0.066938776
1979.833869	0.383673469
1979.847568	0.811428571
1979.861267	1.088979592
1979.874965	1.094693878
1979.888664	0.959183673
1979.902362	0.737959184
1979.916061	0.426938776
1979.92976	0.090612245
1979.943458	-0.163265306
1979.957157	-0.186122449
1979.970856	0.023673469
1979.984554	0.420408163
1979.998253	0.869387755
1980.011951	1.275102041
1980.02565	1.563265306
1980.039349	1.763265306
1980.053047	1.911020408
1980.066746	2.14122449
1980.080445	2.497142857
1980.094143	2.971428571
1980.107842	3.401632653
1980.121541	3.635918367
1980.135239	3.515102041
1980.148938	3.08
1980.162636	2.403265306
1980.176335	1.589387755
1980.190034	0.785306122
1980.203732	0.180408163
1980.217431	-0.10122449
1980.23113	0.083265306
1980.244828	0.468571429
1980.258527	0.926530612
1980.272225	1.345306122
1980.285924	1.547755102
1980.299623	1.33877551
1980.313321	0.840816327
1980.32702	0.116734694
1980.340719	-0.497959184
1980.354417	-1.00244898
1980.368116	-1.42122449
1980.381814	-1.66122449
1980.395513	-1.546122449
1980.409212	-1.220408163
1980.42291	-0.777142857
1980.436609	-0.382040816
1980.450308	-0.147755102
1980.464006	-0.074285714
1980.477705	-0.050612245
1980.491404	0.078367347
1980.505102	0.326530612
1980.518801	0.590204082
1980.532499	0.855510204
1980.546198	1.250612245
1980.559897	1.825306122
1980.573595	2.417959184
1980.587294	2.615510204
1980.600993	2.435918367
1980.614691	2.136326531
1980.62839	1.715102041
1980.642088	1.309387755
1980.655787	1.012244898
1980.669486	0.813061224
1980.683184	0.835102041
1980.696883	1.04
1980.710582	1.315918367
1980.72428	1.654693878
1980.737979	1.715918367
1980.751677	1.391020408
1980.765376	0.95755102
1980.779075	0.675102041
1980.792773	0.488979592
1980.806472	0.195918367
1980.820171	-0.156734694
1980.833869	-0.271836735
1980.847568	-0.08
1980.861267	0.111836735
1980.874965	0.088979592
1980.888664	-0.03755102
1980.902362	-0.154285714
1980.916061	-0.206530612
1980.92976	-0.305306122
1980.943458	-0.555918367
1980.957157	-0.811428571
1980.970856	-0.956734694
1980.984554	-1.034285714
1980.998253	-0.961632653
1981.011951	-0.843265306
1981.02565	-0.711836735
1981.039349	-0.600816327
1981.053047	-0.585306122
1981.066746	-0.644897959
1981.080445	-0.804081633
1981.094143	-1.070204082
1981.107842	-1.37877551
1981.121541	-1.64
1981.135239	-1.711020408
1981.148938	-1.524897959
1981.162636	-1.233469388
1981.176335	-0.823673469
1981.190034	-0.422857143
1981.203732	-0.144489796
1981.217431	-0.014693878
1981.23113	0.074285714
1981.244828	0.073469388
1981.258527	0.02122449
1981.272225	-0.074285714
1981.285924	-0.120816327
1981.299623	0.053061224
1981.313321	0.386938776
1981.32702	0.546938776
1981.340719	0.474285714
1981.354417	0.290612245
1981.368116	0.124897959
1981.381814	0.008979592
1981.395513	-0.238367347
1981.409212	-0.631836735
1981.42291	-0.88
1981.436609	-0.844081633
1981.450308	-0.523265306
1981.464006	-0.201632653
1981.477705	0.003265306
1981.491404	0.246530612
1981.505102	0.684081633
1981.518801	1.12244898
1981.532499	1.512653061
1981.546198	1.632653061
1981.559897	1.724081633
1981.573595	2.049795918
1981.587294	2.471020408
1981.600993	2.899591837
1981.614691	3.39755102
1981.62839	3.726530612
1981.642088	3.862857143
1981.655787	3.727346939
1981.669486	3.136326531
1981.683184	2.401632653
1981.696883	1.460408163
1981.710582	0.296326531
1981.72428	-0.598367347
1981.737979	-0.986938776
1981.751677	-0.86122449
1981.765376	-0.44
1981.779075	-0.143673469
1981.792773	0.158367347
1981.806472	0.565714286
1981.820171	0.724081633
1981.833869	0.665306122
1981.847568	0.382857143
1981.861267	0.191020408
1981.874965	0.204897959
1981.888664	0.25877551
1981.902362	0.244081633
1981.916061	0.165714286
1981.92976	-0.092244898
1981.943458	-0.446530612
1981.957157	-1.006530612
1981.970856	-1.715918367
1981.984554	-2.419591837
1981.998253	-2.943673469
1982.011951	-3.180408163
1982.02565	-3.145306122
1982.039349	-2.937959184
1982.053047	-2.444081633
1982.066746	-1.624489796
1982.080445	-0.764081633
1982.094143	-0.125714286
1982.107842	0.243265306
1982.121541	0.335510204
1982.135239	0.205714286
1982.148938	-0.16244898
1982.162636	-0.724897959
1982.176335	-1.21877551
1982.190034	-1.575510204
1982.203732	-1.719183673
1982.217431	-1.607346939
1982.23113	-1.323265306
1982.244828	-1.116734694
1982.258527	-1.071020408
1982.272225	-1.053877551
1982.285924	-0.961632653
1982.299623	-0.948571429
1982.313321	-1.029387755
1982.32702	-1.173877551
1982.340719	-1.115102041
1982.354417	-0.800816327
1982.368116	-0.528163265
1982.381814	-0.340408163
1982.395513	-0.072653061
1982.409212	0.249795918
1982.42291	0.6
1982.436609	0.851428571
1982.450308	0.913469388
1982.464006	0.972244898
1982.477705	0.936326531
1982.491404	0.775510204
1982.505102	0.604897959
1982.518801	0.396734694
1982.532499	0.267755102
1982.546198	0.24
1982.559897	0.135510204
1982.573595	0.106122449
1982.587294	0.068571429
1982.600993	-0.134693878
1982.614691	-0.313469388
1982.62839	-0.635102041
1982.642088	-0.991836735
1982.655787	-1.164081633
1982.669486	-1.121632653
1982.683184	-0.916734694
1982.696883	-0.622857143
1982.710582	-0.377959184
1982.72428	-0.026938776
1982.737979	0.293877551
1982.751677	0.484897959
1982.765376	0.430204082
1982.779075	0.359183673
1982.792773	0.503673469
1982.806472	0.747755102
1982.820171	0.911020408
1982.833869	1.168979592
1982.847568	1.462040816
1982.861267	1.752653061
1982.874965	1.828571429
1982.888664	1.679183673
1982.902362	1.659591837
1982.916061	1.896326531
1982.92976	2.120816327
1982.943458	2.30122449
1982.957157	2.537142857
1982.970856	2.93877551
1982.984554	3.355102041
1982.998253	3.505306122
1983.011951	3.333061224
1983.02565	2.984489796
1983.039349	2.615510204
1983.053047	2.186122449
1983.066746	1.703673469
1983.080445	1.27755102
1983.094143	1.008163265
1983.107842	1.01877551
1983.121541	1.345306122
1983.135239	1.84
1983.148938	2.48
1983.162636	3.210612245
1983.176335	3.996734694
1983.190034	4.711836735
1983.203732	5.223673469
1983.217431	5.489795918
1983.23113	5.519183673
1983.244828	5.320816327
1983.258527	4.909387755
1983.272225	4.356734694
1983.285924	3.925714286
1983.299623	3.524897959
1983.313321	3.001632653
1983.32702	2.624489796
1983.340719	2.500408163
1983.354417	2.552653061
1983.368116	2.587755102
1983.381814	2.265306122
1983.395513	1.875918367
1983.409212	1.750204082
1983.42291	1.596734694
1983.436609	1.373877551
1983.450308	1.19755102
1983.464006	1.188571429
1983.477705	1.59755102
1983.491404	2.189387755
1983.505102	2.817959184
1983.518801	3.433469388
1983.532499	3.848163265
1983.546198	4.142040816
1983.559897	4.404081633
1983.573595	4.55755102
1983.587294	4.696326531
1983.600993	4.72
1983.614691	4.908571429
1983.62839	5.432653061
1983.642088	6.045714286
1983.655787	6.551020408
1983.669486	6.937142857
1983.683184	7.200816327
1983.696883	7.424489796
1983.710582	7.422040816
1983.72428	7.075918367
1983.737979	6.576326531
1983.751677	6.055510204
1983.765376	5.533877551
1983.779075	4.986938776
1983.792773	4.390204082
1983.806472	3.899591837
1983.820171	3.695510204
1983.833869	3.615510204
1983.847568	3.572244898
1983.861267	3.404081633
1983.874965	3.17877551
1983.888664	3.066122449
1983.902362	2.824489796
1983.916061	2.342040816
1983.92976	1.735510204
1983.943458	1.09877551
1983.957157	0.737959184
1983.970856	0.59755102
1983.984554	0.413061224
1983.998253	0.254693878
1984.011951	0.010612245
1984.02565	-0.230204082
1984.039349	-0.4
1984.053047	-0.706938776
1984.066746	-1.089795918
1984.080445	-1.448163265
1984.094143	-1.713469388
1984.107842	-1.707755102
1984.121541	-1.631836735
1984.135239	-1.696326531
1984.148938	-1.804897959
1984.162636	-2.053877551
1984.176335	-2.345306122
1984.190034	-2.631020408
1984.203732	-3.012244898
1984.217431	-3.351020408
1984.23113	-3.447346939
1984.244828	-3.394285714
1984.258527	-3.151020408
1984.272225	-2.919183673
1984.285924	-2.804081633
1984.299623	-2.571428571
1984.313321	-2.208163265
1984.32702	-1.822040816
1984.340719	-1.434285714
1984.354417	-1.154285714
1984.368116	-0.783673469
1984.381814	-0.337142857
1984.395513	-0.033469388
1984.409212	0.106122449
1984.42291	-0.066938776
1984.436609	-0.449795918
1984.450308	-0.81877551
1984.464006	-1.305306122
1984.477705	-1.788571429
1984.491404	-2.315918367
1984.505102	-2.96
1984.518801	-3.422857143
1984.532499	-3.713469388
1984.546198	-3.944489796
1984.559897	-4.026122449
1984.573595	-4.019591837
1984.587294	-3.793469388
1984.600993	-3.35755102
1984.614691	-2.798367347
1984.62839	-2.191836735
1984.642088	-1.565714286
1984.655787	-1.029387755
1984.669486	-0.622857143
1984.683184	-0.459591837
1984.696883	-0.422857143
1984.710582	-0.572244898
1984.72428	-0.854693878
1984.737979	-1.265306122
1984.751677	-1.636734694
1984.765376	-1.912653061
1984.779075	-1.996734694
1984.792773	-2.052244898
1984.806472	-2.148571429
1984.820171	-2.222857143
1984.833869	-2.211428571
1984.847568	-2.244081633
1984.861267	-2.31755102
1984.874965	-2.467755102
1984.888664	-2.533877551
1984.902362	-2.387755102
1984.916061	-2.129795918
1984.92976	-1.895510204
1984.943458	-1.708571429
1984.957157	-1.55755102
1984.970856	-1.351020408
1984.984554	-1.226938776
1984.998253	-1.285714286
1985.011951	-1.448979592
1985.02565	-1.554285714
1985.039349	-1.524081633
1985.053047	-1.363265306
1985.066746	-1.253061224
1985.080445	-1.106938776
1985.094143	-0.756734694
1985.107842	-0.293061224
1985.121541	0.167346939
1985.135239	0.531428571
1985.148938	0.710204082
1985.162636	0.839183673
1985.176335	0.894693878
1985.190034	0.759183673
1985.203732	0.462857143
1985.217431	0.164081633
1985.23113	0.085714286
1985.244828	0.248163265
1985.258527	0.56244898
1985.272225	0.940408163
1985.285924	1.267755102
1985.299623	1.614693878
1985.313321	1.749387755
1985.32702	1.435102041
1985.340719	0.793469388
1985.354417	-0.068571429
1985.368116	-0.91755102
1985.381814	-1.639183673
1985.395513	-2.288979592
1985.409212	-2.671020408
1985.42291	-2.633469388
1985.436609	-2.21877551
1985.450308	-1.542040816
1985.464006	-0.713469388
1985.477705	0.152653061
1985.491404	0.929795918
1985.505102	1.363265306
1985.518801	1.32244898
1985.532499	0.758367347
1985.546198	-0.093061224
1985.559897	-1.271020408
1985.573595	-2.600816327
1985.587294	-3.715918367
1985.600993	-4.347755102
1985.614691	-4.436734694
1985.62839	-4.027755102
1985.642088	-3.431836735
1985.655787	-2.740408163
1985.669486	-1.96
1985.683184	-1.546122449
1985.696883	-1.490612245
1985.710582	-1.608979592
1985.72428	-1.826122449
1985.737979	-2.041632653
1985.751677	-2.093877551
1985.765376	-2.088979592
1985.779075	-1.834285714
1985.792773	-1.488979592
1985.806472	-1.351020408
1985.820171	-1.36
1985.833869	-1.500408163
1985.847568	-1.93877551
1985.861267	-2.528163265
1985.874965	-3.128979592
1985.888664	-3.509387755
1985.902362	-3.608979592
1985.916061	-3.653877551
1985.92976	-3.605714286
1985.943458	-3.193469388
1985.957157	-2.467755102
1985.970856	-1.68244898
1985.984554	-1.151836735
1985.998253	-0.772244898
1986.011951	-0.413877551
1986.02565	-0.075102041
1986.039349	0.057142857
1986.053047	-0.124897959
1986.066746	-0.472653061
1986.080445	-0.801632653
1986.094143	-1.172244898
1986.107842	-1.509387755
1986.121541	-1.836734694
1986.135239	-2.112653061
1986.148938	-2.27755102
1986.162636	-2.323265306
1986.176335	-2.373061224
1986.190034	-2.337142857
1986.203732	-2.182040816
1986.217431	-1.849795918
1986.23113	-1.401632653
1986.244828	-1.010612245
1986.258527	-0.723265306
1986.272225	-0.364081633
1986.285924	0.066938776
1986.299623	0.380408163
1986.313321	0.380408163
1986.32702	0.08244898
1986.340719	-0.07755102
1986.354417	-0.043265306
1986.368116	0.074285714
1986.381814	0.111020408
1986.395513	0.143673469
1986.409212	0.2
1986.42291	0.240816327
1986.436609	0.023673469
1986.450308	-0.328163265
1986.464006	-0.768163265
1986.477705	-1.215510204
1986.491404	-1.648163265
1986.505102	-1.848163265
1986.518801	-1.697142857
1986.532499	-1.212244898
1986.546198	-0.610612245
1986.559897	-0.022040816
1986.573595	0.448163265
1986.587294	0.813877551
1986.600993	0.913469388
1986.614691	0.659591837
1986.62839	0.089795918
1986.642088	-0.72244898
1986.655787	-1.58122449
1986.669486	-2.326530612
1986.683184	-2.933877551
1986.696883	-3.215510204
1986.710582	-3.14122449
1986.72428	-2.913469388
1986.737979	-2.57877551
1986.751677	-2.278367347
1986.765376	-1.950204082
1986.779075	-1.660408163
1986.792773	-1.430204082
1986.806472	-1.191836735
1986.820171	-0.770612245
1986.833869	-0.263673469
1986.847568	0.272653061
1986.861267	0.659591837
1986.874965	0.966530612
1986.888664	1.078367347
1986.902362	0.96244898
1986.916061	0.586938776
1986.92976	0.073469388
1986.943458	-0.302040816
1986.957157	-0.425306122
1986.970856	-0.41877551
1986.984554	-0.500408163
1986.998253	-0.614693878
1987.011951	-0.594285714
1987.02565	-0.306122449
1987.039349	-0.027755102
1987.053047	0.174693878
1987.066746	0.351836735
1987.080445	0.673469388
1987.094143	0.985306122
1987.107842	1.18122449
1987.121541	1.201632653
1987.135239	1.180408163
1987.148938	1.04244898
1987.162636	0.872653061
1987.176335	0.839183673
1987.190034	0.974693878
1987.203732	1.17877551
1987.217431	1.306122449
1987.23113	1.177959184
1987.244828	0.948571429
1987.258527	0.61877551
1987.272225	0.161632653
1987.285924	-0.280816327
1987.299623	-0.663673469
1987.313321	-0.982857143
1987.32702	-0.986938776
1987.340719	-0.737142857
1987.354417	-0.34122449
1987.368116	0.067755102
1987.381814	0.329795918
1987.395513	0.48
1987.409212	0.600816327
1987.42291	0.566530612
1987.436609	0.425306122
1987.450308	0.253877551
1987.464006	-0.00244898
1987.477705	-0.307755102
1987.491404	-0.591020408
1987.505102	-0.693877551
1987.518801	-0.606530612
1987.532499	-0.452244898
1987.546198	-0.315102041
1987.559897	0.031836735
1987.573595	0.654693878
1987.587294	1.31755102
1987.600993	1.673469388
1987.614691	1.739591837
1987.62839	1.830204082
1987.642088	2.011428571
1987.655787	2.001632653
1987.669486	1.733877551
1987.683184	1.497959184
1987.696883	1.573061224
1987.710582	1.975510204
1987.72428	2.315102041
1987.737979	2.520816327
1987.751677	2.77877551
1987.765376	3.133877551
1987.779075	3.499591837
1987.792773	3.678367347
1987.806472	3.52
1987.820171	3.143673469
1987.833869	2.737142857
1987.847568	2.296326531
1987.861267	1.817959184
1987.874965	1.135510204
1987.888664	0.475918367
1987.902362	0.080816327
1987.916061	0.062857143
1987.92976	0.222857143
1987.943458	0.564897959
1987.957157	1.029387755
1987.970856	1.76244898
1987.984554	2.614693878
1987.998253	3.400816327
1988.011951	3.911836735
1988.02565	4.211428571
1988.039349	4.200816327
1988.053047	3.873469388
1988.066746	3.253877551
1988.080445	2.414693878
1988.094143	1.502857143
1988.107842	0.734693878
1988.121541	0.195102041
1988.135239	-0.087346939
1988.148938	-0.085714286
1988.162636	0.055510204
1988.176335	0.252244898
1988.190034	0.440816327
1988.203732	0.533061224
1988.217431	0.487346939
1988.23113	0.373877551
1988.244828	0.074285714
1988.258527	-0.343673469
1988.272225	-0.76244898
1988.285924	-1.099591837
1988.299623	-1.326530612
1988.313321	-1.525714286
1988.32702	-1.823673469
1988.340719	-2.014693878
1988.354417	-2.033469388
1988.368116	-2.013061224
1988.381814	-2.013877551
1988.395513	-2.016326531
1988.409212	-2.013877551
1988.42291	-1.856326531
1988.436609	-1.527346939
1988.450308	-1.180408163
1988.464006	-0.847346939
1988.477705	-0.697959184
1988.491404	-0.768979592
1988.505102	-0.968979592
1988.518801	-1.310204082
1988.532499	-1.833469388
1988.546198	-2.231020408
1988.559897	-2.354285714
1988.573595	-2.149387755
1988.587294	-1.742040816
1988.600993	-1.247346939
1988.614691	-0.899591837
1988.62839	-0.871020408
1988.642088	-1.214693878
1988.655787	-1.796734694
1988.669486	-2.435918367
1988.683184	-2.980408163
1988.696883	-3.387755102
1988.710582	-3.36244898
1988.72428	-2.727346939
1988.737979	-1.969795918
1988.751677	-1.431020408
1988.765376	-1.200816327
1988.779075	-1.343673469
1988.792773	-1.627755102
1988.806472	-2.000816327
1988.820171	-2.587755102
1988.833869	-3.01877551
1988.847568	-3.131428571
1988.861267	-2.903673469
1988.874965	-2.273469388
1988.888664	-1.58122449
1988.902362	-1.146122449
1988.916061	-0.79755102
1988.92976	-0.542857143
1988.943458	-0.533877551
1988.957157	-0.764897959
1988.970856	-1.207346939
1988.984554	-1.786122449
1988.998253	-2.278367347
1989.011951	-2.72244898
1989.02565	-3.171428571
1989.039349	-3.391020408
1989.053047	-3.431836735
1989.066746	-3.417142857
1989.080445	-3.226938776
1989.094143	-2.992653061
1989.107842	-2.831020408
1989.121541	-2.745306122
1989.135239	-2.862857143
1989.148938	-3.190204082
1989.162636	-3.56244898
1989.176335	-3.970612245
1989.190034	-4.344489796
1989.203732	-4.593469388
1989.217431	-4.561632653
1989.23113	-4.264489796
1989.244828	-3.73877551
1989.258527	-3.131428571
1989.272225	-2.551836735
1989.285924	-2.034285714
1989.299623	-1.638367347
1989.313321	-1.409795918
1989.32702	-1.246530612
1989.340719	-1.136326531
1989.354417	-1.003265306
1989.368116	-0.883265306
1989.381814	-0.655510204
1989.395513	-0.279183673
1989.409212	0
1989.42291	0.10122449
1989.436609	0.03755102
1989.450308	-0.359183673
1989.464006	-0.929795918
1989.477705	-1.674285714
1989.491404	-2.507755102
1989.505102	-3.235102041
1989.518801	-3.817959184
1989.532499	-4.110204082
1989.546198	-4.027755102
1989.559897	-3.704489796
1989.573595	-3.28244898
1989.587294	-2.96
1989.600993	-2.66122449
1989.614691	-2.422040816
1989.62839	-2.345306122
1989.642088	-2.297142857
1989.655787	-2.318367347
1989.669486	-2.386122449
1989.683184	-2.368163265
1989.696883	-2.420408163
1989.710582	-2.48
1989.72428	-2.488979592
1989.737979	-2.499591837
1989.751677	-2.391836735
1989.765376	-2.247346939
1989.779075	-2.163265306
1989.792773	-1.977142857
1989.806472	-1.745306122
1989.820171	-1.638367347
1989.833869	-1.696326531
1989.847568	-1.859591837
1989.861267	-1.881632653
1989.874965	-1.608979592
1989.888664	-1.326530612
1989.902362	-1.147755102
1989.916061	-0.971428571
1989.92976	-0.742857143
1989.943458	-0.548571429
1989.957157	-0.453877551
1989.970856	-0.56
1989.984554	-0.734693878
1989.998253	-0.799183673
1990.011951	-0.691428571
1990.02565	-0.417142857
1990.039349	-0.012244898
1990.053047	0.247346939
1990.066746	0.36
1990.080445	0.509387755
1990.094143	0.675102041
1990.107842	0.788571429
1990.121541	0.732244898
1990.135239	0.49877551
1990.148938	0.361632653
1990.162636	0.307755102
1990.176335	0.128163265
1990.190034	-0.224489796
1990.203732	-0.752653061
1990.217431	-1.293877551
1990.23113	-1.671020408
1990.244828	-1.94122449
1990.258527	-2.044081633
1990.272225	-1.94122449
1990.285924	-1.653877551
1990.299623	-1.134693878
1990.313321	-0.430204082
1990.32702	0.182857143
1990.340719	0.699591837
1990.354417	1.068571429
1990.368116	1.34122449
1990.381814	1.565714286
1990.395513	1.607346939
1990.409212	1.318367347
1990.42291	0.883265306
1990.436609	0.305306122
1990.450308	-0.31755102
1990.464006	-0.977959184
1990.477705	-1.585306122
1990.491404	-1.969795918
1990.505102	-1.995918367
1990.518801	-1.748571429
1990.532499	-1.25877551
1990.546198	-0.770612245
1990.559897	-0.320816327
1990.573595	-0.128979592
1990.587294	-0.266938776
1990.600993	-0.648979592
1990.614691	-1.08
1990.62839	-1.506122449
1990.642088	-1.680816327
1990.655787	-1.700408163
1990.669486	-1.551836735
1990.683184	-1.230204082
1990.696883	-0.822040816
1990.710582	-0.494693878
1990.72428	-0.324081633
1990.737979	-0.45877551
1990.751677	-0.703673469
1990.765376	-0.906938776
1990.779075	-1.106938776
1990.792773	-1.355102041
1990.806472	-1.719183673
1990.820171	-2.120816327
1990.833869	-2.395918367
1990.847568	-2.56
1990.861267	-2.630204082
1990.874965	-2.553469388
1990.888664	-2.332244898
1990.902362	-1.902857143
1990.916061	-1.366530612
1990.92976	-0.824489796
1990.943458	-0.387755102
1990.957157	-0.057959184
1990.970856	0.105306122
1990.984554	0.165714286
1990.998253	0.139591837
1991.011951	0.133061224
1991.02565	0.070204082
1991.039349	0.089795918
1991.053047	0.217959184
1991.066746	0.377142857
1991.080445	0.455510204
1991.094143	0.515102041
1991.107842	0.483265306
1991.121541	0.491428571
1991.135239	0.30122449
1991.148938	-0.160816327
1991.162636	-0.533061224
1991.176335	-0.716734694
1991.190034	-0.852244898
1991.203732	-0.888979592
1991.217431	-0.893061224
1991.23113	-0.768979592
1991.244828	-0.511836735
1991.258527	-0.474285714
1991.272225	-0.531428571
1991.285924	-0.54122449
1991.299623	-0.558367347
1991.313321	-0.511020408
1991.32702	-0.235102041
1991.340719	0.177959184
1991.354417	0.707755102
1991.368116	1.086530612
1991.381814	1.288979592
1991.395513	1.462040816
1991.409212	1.487346939
1991.42291	1.16
1991.436609	0.755102041
1991.450308	0.493877551
1991.464006	0.35755102
1991.477705	0.285714286
1991.491404	0.186938776
1991.505102	0.152653061
1991.518801	0.25877551
1991.532499	0.250612245
1991.546198	0.066122449
1991.559897	0.094693878
1991.573595	0.27755102
1991.587294	0.48244898
1991.600993	0.650612245
1991.614691	0.805714286
1991.62839	1.10122449
1991.642088	1.42122449
1991.655787	1.376326531
1991.669486	1.097959184
1991.683184	0.72244898
1991.696883	0.264489796
1991.710582	-0.246530612
1991.72428	-0.855510204
1991.737979	-1.379591837
1991.751677	-1.605714286
1991.765376	-1.551020408
1991.779075	-1.234285714
1991.792773	-0.743673469
1991.806472	-0.193469388
1991.820171	0.328163265
1991.833869	0.723265306
1991.847568	0.920816327
1991.861267	0.913469388
1991.874965	0.798367347
1991.888664	0.739591837
1991.902362	0.755102041
1991.916061	0.884897959
1991.92976	1.151020408
1991.943458	1.452244898
1991.957157	1.662857143
1991.970856	1.694693878
1991.984554	1.560816327
1991.998253	1.328979592
1992.011951	1.00244898
1992.02565	0.486530612
1992.039349	-0.022857143
1992.053047	-0.429387755
1992.066746	-0.751020408
1992.080445	-1.096326531
1992.094143	-1.311020408
1992.107842	-1.275918367
1992.121541	-0.931428571
1992.135239	-0.512653061
1992.148938	0.075918367
1992.162636	0.775510204
1992.176335	1.59755102
1992.190034	2.194285714
1992.203732	2.336326531
1992.217431	2.134693878
1992.23113	1.921632653
1992.244828	1.520816327
1992.258527	1
1992.272225	0.485714286
1992.285924	0.167346939
1992.299623	0.209795918
1992.313321	0.530612245
1992.32702	0.869387755
1992.340719	1.296326531
1992.354417	1.791020408
1992.368116	2.087346939
1992.381814	2.139591837
1992.395513	2.038367347
1992.409212	1.752653061
1992.42291	1.404897959
1992.436609	1.075918367
1992.450308	0.681632653
1992.464006	0.560816327
1992.477705	0.819591837
1992.491404	1.217142857
1992.505102	1.709387755
1992.518801	2.161632653
1992.532499	2.40244898
1992.546198	2.631020408
1992.559897	2.632653061
1992.573595	2.364897959
1992.587294	2.089795918
1992.600993	1.886530612
1992.614691	1.889795918
1992.62839	2.170612245
1992.642088	2.510204082
1992.655787	2.854693878
1992.669486	3.239183673
1992.683184	3.533877551
1992.696883	3.671020408
1992.710582	3.534693878
1992.72428	3.215510204
1992.737979	2.889795918
1992.751677	2.696326531
1992.765376	2.542040816
1992.779075	2.369795918
1992.792773	2.236734694
1992.806472	2.223673469
1992.820171	2.251428571
1992.833869	2.273469388
1992.847568	2.243265306
1992.861267	2.158367347
1992.874965	2.010612245
1992.888664	1.822857143
1992.902362	1.616326531
1992.916061	1.448163265
1992.92976	1.305306122
1992.943458	1.156734694
1992.957157	1.008979592
1992.970856	0.88
1992.984554	0.736326531
1992.998253	0.543673469
1993.011951	0.271836735
1993.02565	-0.089795918
1993.039349	-0.410612245
1993.053047	-0.655510204
1993.066746	-0.841632653
1993.080445	-0.928979592
1993.094143	-0.899591837
1993.107842	-0.676734694
1993.121541	-0.24
1993.135239	0.184489796
1993.148938	0.565714286
1993.162636	0.951836735
1993.176335	1.182040816
1993.190034	1.170612245
1993.203732	0.814693878
1993.217431	0.226122449
1993.23113	-0.319183673
1993.244828	-0.761632653
1993.258527	-1.121632653
1993.272225	-1.247346939
1993.285924	-1.070204082
1993.299623	-0.594285714
1993.313321	-0.00244898
1993.32702	0.457959184
1993.340719	0.759183673
1993.354417	0.947755102
1993.368116	0.943673469
1993.381814	0.788571429
1993.395513	0.575510204
1993.409212	0.453877551
1993.42291	0.526530612
1993.436609	0.553469388
1993.450308	0.400816327
1993.464006	0.278367347
1993.477705	0.264489796
1993.491404	0.302857143
1993.505102	0.267755102
1993.518801	0.08244898
1993.532499	0.109387755
1993.546198	0.542857143
1993.559897	1.168979592
1993.573595	1.685714286
1993.587294	1.826122449
1993.600993	1.678367347
1993.614691	1.560816327
1993.62839	1.346122449
1993.642088	0.948571429
1993.655787	0.407346939
1993.669486	-0.115918367
1993.683184	-0.144489796
1993.696883	0.187755102
1993.710582	0.467755102
1993.72428	0.731428571
1993.737979	0.968163265
1993.751677	1.212244898
1993.765376	1.56244898
1993.779075	1.696326531
1993.792773	1.690612245
1993.806472	1.688163265
1993.820171	1.544489796
1993.833869	1.350204082
1993.847568	1.195102041
1993.861267	0.973061224
1993.874965	0.808163265
1993.888664	0.657959184
1993.902362	0.589387755
1993.916061	0.724081633
1993.92976	0.993469388
1993.943458	1.144489796
1993.957157	1.12244898
1993.970856	0.904489796
1993.984554	0.654693878
1993.998253	0.365714286
1994.011951	0.185306122
1994.02565	-0.010612245
1994.039349	-0.066938776
1994.053047	0.126530612
1994.066746	0.536326531
1994.080445	0.990204082
1994.094143	1.409795918
1994.107842	1.534693878
1994.121541	1.548571429
1994.135239	1.438367347
1994.148938	1.149387755
1994.162636	0.748571429
1994.176335	0.380408163
1994.190034	0.096326531
1994.203732	-0.065306122
1994.217431	-0.043265306
1994.23113	0.165714286
1994.244828	0.467755102
1994.258527	0.786122449
1994.272225	1.013877551
1994.285924	1.207346939
1994.299623	1.42122449
1994.313321	1.304489796
1994.32702	0.801632653
1994.340719	0.228571429
1994.354417	-0.271020408
1994.368116	-0.744489796
1994.381814	-1.26122449
1994.395513	-1.783673469
1994.409212	-2.026938776
1994.42291	-1.834285714
1994.436609	-1.486530612
1994.450308	-1.201632653
1994.464006	-0.932244898
1994.477705	-0.654693878
1994.491404	-0.408979592
1994.505102	-0.355918367
1994.518801	-0.688163265
1994.532499	-1.306122449
1994.546198	-1.866122449
1994.559897	-2.230204082
1994.573595	-2.520816327
1994.587294	-2.823673469
1994.600993	-3.019591837
1994.614691	-2.92244898
1994.62839	-2.567346939
1994.642088	-2.24
1994.655787	-2.158367347
1994.669486	-2.166530612
1994.683184	-2.072653061
1994.696883	-1.881632653
1994.710582	-1.702857143
1994.72428	-1.54122449
1994.737979	-1.500408163
1994.751677	-1.377959184
1994.765376	-1.12244898
1994.779075	-0.823673469
1994.792773	-0.529795918
1994.806472	-0.306122449
1994.820171	-0.085714286
1994.833869	0.244897959
1994.847568	0.519183673
1994.861267	0.586122449
1994.874965	0.453877551
1994.888664	0.182857143
1994.902362	-0.146122449
1994.916061	-0.616326531
1994.92976	-1.023673469
1994.943458	-1.257142857
1994.957157	-1.308571429
1994.970856	-1.328979592
1994.984554	-1.296326531
1994.998253	-1.136326531
1995.011951	-0.719183673
1995.02565	-0.292244898
1995.039349	0.008979592
1995.053047	0.166530612
1995.066746	0.36
1995.080445	0.542857143
1995.094143	0.660408163
1995.107842	0.573061224
1995.121541	0.531428571
1995.135239	0.680816327
1995.148938	1.118367347
1995.162636	1.704489796
1995.176335	2.417959184
1995.190034	3.207346939
1995.203732	4.043265306
1995.217431	4.608163265
1995.23113	4.899591837
1995.244828	4.895510204
1995.258527	4.716734694
1995.272225	4.33877551
1995.285924	3.78122449
1995.299623	3.213061224
1995.313321	2.747755102
1995.32702	2.227755102
1995.340719	1.629387755
1995.354417	1.019591837
1995.368116	0.555102041
1995.381814	0.309387755
1995.395513	0.020408163
1995.409212	-0.207346939
1995.42291	-0.198367347
1995.436609	0.008163265
1995.450308	0.248979592
1995.464006	0.302857143
1995.477705	0.133877551
1995.491404	0.06122449
1995.505102	0.001632653
1995.518801	-0.20244898
1995.532499	-0.470204082
1995.546198	-0.673469388
1995.559897	-0.828571429
1995.573595	-1.00244898
1995.587294	-1.170612245
1995.600993	-1.256326531
1995.614691	-1.156734694
1995.62839	-1.03755102
1995.642088	-1.047346939
1995.655787	-0.88244898
1995.669486	-0.512653061
1995.683184	-0.214693878
1995.696883	-0.059591837
1995.710582	-0.068571429
1995.72428	0.013877551
1995.737979	0.228571429
1995.751677	0.241632653
1995.765376	0.04244898
1995.779075	-0.155918367
1995.792773	-0.213061224
1995.806472	-0.186122449
1995.820171	-0.287346939
1995.833869	-0.366530612
1995.847568	-0.203265306
1995.861267	0.152653061
1995.874965	0.470204082
1995.888664	0.539591837
1995.902362	0.48244898
1995.916061	0.387755102
1995.92976	0.20244898
1995.943458	-0.073469388
1995.957157	-0.314285714
1995.970856	-0.548571429
1995.984554	-0.706938776
1995.998253	-0.79755102
1996.011951	-0.711020408
1996.02565	-0.565714286
1996.039349	-0.525714286
1996.053047	-0.725714286
1996.066746	-0.951020408
1996.080445	-1.092244898
1996.094143	-1.134693878
1996.107842	-1.28
1996.121541	-1.489795918
1996.135239	-1.654693878
1996.148938	-1.644081633
1996.162636	-1.459591837
1996.176335	-1.177142857
1996.190034	-0.975510204
1996.203732	-0.77877551
1996.217431	-0.533877551
1996.23113	-0.315918367
1996.244828	-0.195918367
1996.258527	-0.222857143
1996.272225	-0.49877551
1996.285924	-0.872653061
1996.299623	-1.241632653
1996.313321	-1.577142857
1996.32702	-1.755918367
1996.340719	-1.669387755
1996.354417	-1.380408163
1996.368116	-0.843265306
1996.381814	-0.115102041
1996.395513	0.622857143
1996.409212	1.28244898
1996.42291	1.751020408
1996.436609	1.935510204
1996.450308	1.822040816
1996.464006	1.454693878
1996.477705	0.915102041
1996.491404	0.337142857
1996.505102	-0.28
1996.518801	-0.80244898
1996.532499	-1.279183673
1996.546198	-1.648163265
1996.559897	-1.815510204
1996.573595	-1.795918367
1996.587294	-1.583673469
1996.600993	-1.154285714
1996.614691	-0.773877551
1996.62839	-0.454693878
1996.642088	-0.193469388
1996.655787	-0.079183673
1996.669486	-0.130612245
1996.683184	-0.377142857
1996.696883	-0.875918367
1996.710582	-1.368163265
1996.72428	-1.733877551
1996.737979	-1.915918367
1996.751677	-1.910204082
1996.765376	-1.755918367
1996.779075	-1.516734694
1996.792773	-1.134693878
1996.806472	-0.684897959
1996.820171	-0.281632653
1996.833869	-0.055510204
1996.847568	-0.086530612
1996.861267	-0.36244898
1996.874965	-0.751020408
1996.888664	-1.099591837
1996.902362	-1.500408163
1996.916061	-1.893877551
1996.92976	-2.155918367
1996.943458	-2.145306122
1996.957157	-1.932244898
1996.970856	-1.729795918
1996.984554	-1.74122449
1996.998253	-1.647346939
1997.011951	-1.34122449
1997.02565	-0.977142857
1997.039349	-0.777959184
1997.053047	-0.697959184
1997.066746	-0.563265306
1997.080445	-0.331428571
1997.094143	-0.382857143
1997.107842	-0.817142857
1997.121541	-1.346938776
1997.135239	-1.726530612
1997.148938	-1.993469388
1997.162636	-2.177142857
1997.176335	-2.246530612
1997.190034	-2.024489796
1997.203732	-1.651428571
1997.217431	-1.41877551
1997.23113	-1.370612245
1997.244828	-1.416326531
1997.258527	-1.487346939
1997.272225	-1.448163265
1997.285924	-1.389387755
1997.299623	-1.22122449
1997.313321	-0.830204082
1997.32702	-0.355102041
1997.340719	0.143673469
1997.354417	0.409795918
1997.368116	0.159183673
1997.381814	-0.327346939
1997.395513	-0.729795918
1997.409212	-1.097142857
1997.42291	-1.365714286
1997.436609	-1.523265306
1997.450308	-1.406530612
1997.464006	-0.88244898
1997.477705	-0.283265306
1997.491404	-0.048163265
1997.505102	-0.137959184
1997.518801	-0.511020408
1997.532499	-1.081632653
1997.546198	-1.739591837
1997.559897	-2.429387755
1997.573595	-3.020408163
1997.587294	-3.308571429
1997.600993	-3.125714286
1997.614691	-2.417959184
1997.62839	-1.243265306
1997.642088	0.01877551
1997.655787	1.088979592
1997.669486	1.987755102
1997.683184	2.735510204
1997.696883	3.172244898
1997.710582	3.173061224
1997.72428	2.611428571
1997.737979	1.900408163
1997.751677	1.467755102
1997.765376	1.146122449
1997.779075	0.793469388
1997.792773	0.497142857
1997.806472	0.384489796
1997.820171	0.708571429
1997.833869	1.409795918
1997.847568	2.206530612
1997.861267	3.130612245
1997.874965	4.220408163
1997.888664	5.139591837
1997.902362	5.687346939
1997.916061	5.720816327
1997.92976	5.212244898
1997.943458	4.25877551
1997.957157	3.11755102
1997.970856	1.959183673
1997.984554	1.028571429
1997.998253	0.504489796
1998.011951	0.462040816
1998.02565	0.74122449
1998.039349	1.271020408
1998.053047	1.980408163
1998.066746	2.626938776
1998.080445	3.284081633
1998.094143	3.839183673
1998.107842	4.16
1998.121541	4.453877551
1998.135239	4.803265306
1998.148938	5.004897959
1998.162636	5.207346939
1998.176335	5.313469388
1998.190034	5.463673469
1998.203732	5.626122449
1998.217431	5.690612245
1998.23113	5.635102041
1998.244828	5.649795918
1998.258527	5.715102041
1998.272225	5.748571429
1998.285924	5.582857143
1998.299623	5.480816327
1998.313321	5.460408163
1998.32702	5.379591837
1998.340719	5.121632653
1998.354417	4.684897959
1998.368116	4.18122449
1998.381814	3.764897959
1998.395513	3.238367347
1998.409212	2.656326531
1998.42291	2.377959184
1998.436609	2.328979592
1998.450308	2.383673469
1998.464006	2.65877551
1998.477705	3.118367347
1998.491404	3.70122449
1998.505102	4.293877551
1998.518801	4.490612245
1998.532499	4.443265306
1998.546198	4.470204082
1998.559897	4.342857143
1998.573595	4.040816327
1998.587294	3.751020408
1998.600993	3.463673469
1998.614691	3.470204082
1998.62839	3.8
1998.642088	4.048163265
1998.655787	4.370612245
1998.669486	4.726530612
1998.683184	4.910204082
1998.696883	5.023673469
1998.710582	4.977142857
1998.72428	4.724897959
1998.737979	4.503673469
1998.751677	4.08
1998.765376	3.39755102
1998.779075	2.74122449
1998.792773	2.124081633
1998.806472	1.549387755
1998.820171	0.902040816
1998.833869	0.088163265
1998.847568	-0.481632653
1998.861267	-0.582857143
1998.874965	-0.631836735
1998.888664	-0.728163265
1998.902362	-0.971428571
1998.916061	-1.169795918
1998.92976	-1.182857143
1998.943458	-1.326530612
1998.957157	-1.826938776
1998.970856	-2.284081633
1998.984554	-2.610612245
1998.998253	-2.724897959
1999.011951	-2.751020408
1999.02565	-2.83755102
1999.039349	-2.902857143
1999.053047	-2.732244898
1999.066746	-2.423673469
1999.080445	-2.050612245
1999.094143	-1.74122449
1999.107842	-1.530612245
1999.121541	-1.355918367
1999.135239	-1.198367347
1999.148938	-1.275918367
1999.162636	-1.672653061
1999.176335	-2.287346939
1999.190034	-2.956734694
1999.203732	-3.506122449
1999.217431	-3.896326531
1999.23113	-4.160816327
1999.244828	-4.12
1999.258527	-3.891428571
1999.272225	-3.589387755
1999.285924	-3.125714286
1999.299623	-2.644897959
1999.313321	-2.130612245
1999.32702	-1.629387755
1999.340719	-1.40244898
1999.354417	-1.149387755
1999.368116	-0.798367347
1999.381814	-0.596734694
1999.395513	-0.534693878
1999.409212	-0.62122449
1999.42291	-0.680816327
1999.436609	-0.40244898
1999.450308	-0.195918367
1999.464006	-0.24244898
1999.477705	-0.263673469
1999.491404	-0.201632653
1999.505102	-0.198367347
1999.518801	-0.343673469
1999.532499	-0.636734694
1999.546198	-0.746938776
1999.559897	-0.530612245
1999.573595	-0.323265306
1999.587294	-0.167346939
1999.600993	0.041632653
1999.614691	0.182857143
1999.62839	0.00244898
1999.642088	-0.427755102
1999.655787	-1.02122449
1999.669486	-1.586938776
1999.683184	-2.185306122
1999.696883	-2.755918367
1999.710582	-3.038367347
1999.72428	-2.899591837
1999.737979	-2.550204082
1999.751677	-2.097959184
1999.765376	-1.577959184
1999.779075	-0.937142857
1999.792773	-0.32244898
1999.806472	0.065306122
1999.820171	0.195918367
1999.833869	0.147755102
1999.847568	0.015510204
1999.861267	-0.148571429
1999.874965	-0.215510204
1999.888664	-0.102857143
1999.902362	0.103673469
1999.916061	0.292244898
1999.92976	0.384489796
1999.943458	0.346122449
1999.957157	0.133061224
1999.970856	-0.368979592
1999.984554	-1.063673469
1999.998253	-1.764081633
2000.011951	-2.297959184
2000.02565	-2.50122449
2000.039349	-2.48244898
2000.053047	-2.306938776
2000.066746	-1.982040816
2000.080445	-1.620408163
2000.094143	-1.274285714
2000.107842	-0.969795918
2000.121541	-0.84244898
2000.135239	-0.791836735
2000.148938	-0.74122449
2000.162636	-0.712653061
2000.176335	-0.801632653
2000.190034	-1.008163265
2000.203732	-1.387755102
2000.217431	-1.906938776
2000.23113	-2.604897959
2000.244828	-3.328163265
2000.258527	-3.902040816
2000.272225	-4.146938776
2000.285924	-4.099591837
2000.299623	-3.75755102
2000.313321	-3.21877551
2000.32702	-2.414693878
2000.340719	-1.571428571
2000.354417	-0.965714286
2000.368116	-0.596734694
2000.381814	-0.380408163
2000.395513	-0.304489796
2000.409212	-0.201632653
2000.42291	-0.214693878
2000.436609	-0.292244898
2000.450308	-0.220408163
2000.464006	-0.173877551
2000.477705	-0.231836735
2000.491404	-0.377142857
2000.505102	-0.67755102
2000.518801	-0.864489796
2000.532499	-0.987755102
2000.546198	-1.293877551
2000.559897	-1.66122449
2000.573595	-2.068571429
2000.587294	-2.352653061
2000.600993	-2.54122449
2000.614691	-2.879183673
2000.62839	-3.148571429
2000.642088	-3.143673469
2000.655787	-2.956734694
2000.669486	-2.551836735
2000.683184	-2.173061224
2000.696883	-1.831020408
2000.710582	-1.450612245
2000.72428	-1.208979592
2000.737979	-1.076734694
2000.751677	-0.906122449
2000.765376	-0.820408163
2000.779075	-0.71755102
2000.792773	-0.544489796
2000.806472	-0.385306122
2000.820171	-0.231836735
2000.833869	-0.193469388
2000.847568	-0.315918367
2000.861267	-0.411428571
2000.874965	-0.639183673
2000.888664	-1.025306122
2000.902362	-1.400816327
2000.916061	-1.793469388
2000.92976	-2.045714286
2000.943458	-2.195102041
2000.957157	-2.407346939
2000.970856	-2.405714286
2000.984554	-2.137142857
2000.998253	-1.785306122
2001.011951	-1.329795918
2001.02565	-1.085714286
2001.039349	-1.070204082
2001.053047	-1.073469388
2001.066746	-1.17877551
2001.080445	-1.388571429
2001.094143	-1.599183673
2001.107842	-1.764081633
2001.121541	-1.634285714
2001.135239	-1.19755102
2001.148938	-0.779591837
2001.162636	-0.566530612
2001.176335	-0.568979592
2001.190034	-0.744489796
2001.203732	-1.110204082
2001.217431	-1.617142857
2001.23113	-2.226122449
2001.244828	-2.611428571
2001.258527	-2.588571429
2001.272225	-2.375510204
2001.285924	-2.125714286
2001.299623	-1.808163265
2001.313321	-1.554285714
2001.32702	-1.343673469
2001.340719	-1.353469388
2001.354417	-1.544489796
2001.368116	-1.745306122
2001.381814	-1.776326531
2001.395513	-1.674285714
2001.409212	-1.456326531
2001.42291	-1.284081633
2001.436609	-1.165714286
2001.450308	-1.206530612
2001.464006	-1.394285714
2001.477705	-1.801632653
2001.491404	-2.408163265
2001.505102	-3.204897959
2001.518801	-3.959183673
2001.532499	-4.519183673
2001.546198	-4.884897959
2001.559897	-4.897959184
2001.573595	-4.625306122
2001.587294	-4.187755102
2001.600993	-3.453061224
2001.614691	-2.604081633
2001.62839	-1.830204082
2001.642088	-1.135510204
2001.655787	-0.763265306
2001.669486	-0.609795918
2001.683184	-0.413877551
2001.696883	-0.31755102
2001.710582	-0.340408163
2001.72428	-0.491428571
2001.737979	-0.704489796
2001.751677	-0.826122449
2001.765376	-0.795918367
2001.779075	-0.831836735
2001.792773	-0.857142857
2001.806472	-0.79755102
2001.820171	-0.555102041
2001.833869	-0.288163265
2001.847568	-0.063673469
2001.861267	-0.010612245
2001.874965	-0.097142857
2001.888664	-0.417959184
2001.902362	-0.825306122
2001.916061	-1.19755102
2001.92976	-1.373877551
2001.943458	-1.413061224
2001.957157	-1.32244898
2001.970856	-1.116734694
2001.984554	-0.769795918
2001.998253	-0.513469388
2002.011951	-0.519183673
2002.02565	-0.810612245
2002.039349	-1.105306122
2002.053047	-1.448979592
2002.066746	-1.746938776
2002.080445	-1.840816327
2002.094143	-1.635918367
2002.107842	-1.186122449
2002.121541	-0.598367347
2002.135239	-0.268571429
2002.148938	-0.075918367
2002.162636	-0.107755102
2002.176335	-0.393469388
2002.190034	-0.867755102
2002.203732	-1.365714286
2002.217431	-1.764081633
2002.23113	-1.948571429
2002.244828	-1.977959184
2002.258527	-1.771428571
2002.272225	-1.546938776
2002.285924	-1.409795918
2002.299623	-1.34122449
2002.313321	-1.364897959
2002.32702	-1.460408163
2002.340719	-1.484897959
2002.354417	-1.411428571
2002.368116	-1.092244898
2002.381814	-0.511020408
2002.395513	0.142857143
2002.409212	0.806530612
2002.42291	1.627755102
2002.436609	2.368979592
2002.450308	2.849795918
2002.464006	2.853061224
2002.477705	2.521632653
2002.491404	2.076734694
2002.505102	1.550204082
2002.518801	0.833469388
2002.532499	-0.003265306
2002.546198	-0.663673469
2002.559897	-0.763265306
2002.573595	-0.588571429
2002.587294	-0.394285714
2002.600993	-0.120816327
2002.614691	0.164081633
2002.62839	0.582040816
2002.642088	0.79755102
2002.655787	0.737142857
2002.669486	0.684081633
2002.683184	0.684897959
2002.696883	0.611428571
2002.710582	0.601632653
2002.72428	0.551020408
2002.737979	0.52
2002.751677	0.2
2002.765376	-0.48
2002.779075	-1.073469388
2002.792773	-1.375510204
2002.806472	-1.496326531
2002.820171	-1.43755102
2002.833869	-1.130612245
2002.847568	-0.370612245
2002.861267	0.571428571
2002.874965	1.160816327
2002.888664	1.313469388
2002.902362	1.115918367
2002.916061	0.742857143
2002.92976	0.311836735
2002.943458	-0.08244898
2002.957157	-0.2
2002.970856	0.034285714
2002.984554	0.479183673
2002.998253	0.951836735
2003.011951	1.189387755
2003.02565	1.214693878
2003.039349	0.99755102
2003.053047	0.643265306
2003.066746	0.262857143
2003.080445	-0.103673469
2003.094143	-0.267755102
2003.107842	-0.004897959
2003.121541	0.497959184
2003.135239	0.97877551
2003.148938	1.332244898
2003.162636	1.465306122
2003.176335	1.549387755
2003.190034	1.671020408
2003.203732	1.664489796
2003.217431	1.58122449
2003.23113	1.652244898
2003.244828	1.786122449
2003.258527	2.056326531
2003.272225	2.263673469
2003.285924	2.089795918
2003.299623	1.675102041
2003.313321	1.099591837
2003.32702	0.43755102
2003.340719	-0.164897959
2003.354417	-0.664489796
2003.368116	-0.977142857
2003.381814	-1.026122449
2003.395513	-0.964081633
2003.409212	-0.860408163
2003.42291	-0.891428571
2003.436609	-1.039183673
2003.450308	-1.217142857
2003.464006	-1.411428571
2003.477705	-1.417142857
2003.491404	-1.225306122
2003.505102	-0.907755102
2003.518801	-0.441632653
2003.532499	-0.004081633
2003.546198	0.245714286
2003.559897	0.274285714
2003.573595	0.091428571
2003.587294	-0.209795918
2003.600993	-0.373877551
2003.614691	-0.443265306
2003.62839	-0.444081633
2003.642088	-0.410612245
2003.655787	-0.173061224
2003.669486	0.224489796
2003.683184	0.749387755
2003.696883	0.92
2003.710582	0.880816327
2003.72428	0.809795918
2003.737979	0.77877551
2003.751677	0.56244898
2003.765376	-0.020408163
2003.779075	-0.785306122
2003.792773	-1.248979592
2003.806472	-1.484897959
2003.820171	-1.493877551
2003.833869	-1.222857143
2003.847568	-0.641632653
2003.861267	0.368979592
2003.874965	1.368979592
2003.888664	2.070204082
2003.902362	2.48244898
2003.916061	2.528163265
2003.92976	2.164897959
2003.943458	1.465306122
2003.957157	0.373877551
2003.970856	-0.607346939
2003.984554	-1.346938776
2003.998253	-1.83755102
2004.011951	-2.071836735
2004.02565	-2.066122449
2004.039349	-1.849795918
2004.053047	-1.33877551
2004.066746	-0.911836735
2004.080445	-0.583673469
2004.094143	-0.433469388
2004.107842	-0.404897959
2004.121541	-0.39755102
2004.135239	-0.335510204
2004.148938	-0.326530612
2004.162636	-0.297959184
2004.176335	-0.337959184
2004.190034	-0.278367347
2004.203732	-0.145306122
2004.217431	-0.011428571
2004.23113	0.04
2004.244828	0.092244898
2004.258527	0.142857143
2004.272225	0.349387755
2004.285924	0.61877551
2004.299623	0.863673469
2004.313321	0.95755102
2004.32702	0.893877551
2004.340719	0.644081633
2004.354417	0.283265306
2004.368116	-0.235102041
2004.381814	-0.789387755
2004.395513	-1.217142857
2004.409212	-1.483265306
2004.42291	-1.391020408
2004.436609	-0.875918367
2004.450308	0.035102041
2004.464006	1.142040816
2004.477705	2.054693878
2004.491404	2.544489796
2004.505102	2.867755102
2004.518801	2.809795918
2004.532499	2.427755102
2004.546198	1.786122449
2004.559897	1.000816327
2004.573595	0.462040816
2004.587294	0.284897959
2004.600993	0.128163265
2004.614691	0.046530612
2004.62839	0.038367347
2004.642088	0.10122449
2004.655787	0.309387755
2004.669486	0.449795918
2004.683184	0.779591837
2004.696883	1.423673469
2004.710582	2.159183673
2004.72428	2.604897959
2004.737979	2.596734694
2004.751677	2.28
2004.765376	1.828571429
2004.779075	0.982040816
2004.792773	-0.176326531
2004.806472	-1.422040816
2004.820171	-2.434285714
2004.833869	-2.970612245
2004.847568	-3.255510204
2004.861267	-3.379591837
2004.874965	-3.403265306
2004.888664	-3.309387755
2004.902362	-2.993469388
2004.916061	-2.449795918
2004.92976	-1.925714286
2004.943458	-1.346122449
2004.957157	-0.728979592
2004.970856	-0.110204082
2004.984554	0.353469388
2004.998253	0.529795918
2005.011951	0.413061224
2005.02565	0.239183673
2005.039349	0.074285714
2005.053047	-0.15755102
2005.066746	-0.260408163
2005.080445	-0.081632653
2005.094143	0.267755102
2005.107842	0.708571429
2005.121541	1.070204082
2005.135239	1.148571429
2005.148938	1.096326531
2005.162636	0.884897959
2005.176335	0.507755102
2005.190034	0.165714286
2005.203732	-0.001632653
2005.217431	-0.069387755
2005.23113	0.013877551
2005.244828	0.250612245
2005.258527	0.600816327
2005.272225	0.919183673
2005.285924	1.093877551
2005.299623	0.895510204
2005.313321	0.571428571
2005.32702	0.311020408
2005.340719	0.070204082
2005.354417	-0.209795918
2005.368116	-0.471836735
2005.381814	-0.667755102
2005.395513	-0.71755102
2005.409212	-0.779591837
2005.42291	-0.870204082
2005.436609	-0.973877551
2005.450308	-1.006530612
2005.464006	-0.946122449
2005.477705	-0.893061224
2005.491404	-0.643265306
2005.505102	-0.023673469
2005.518801	0.777142857
2005.532499	1.540408163
2005.546198	2.201632653
2005.559897	2.745306122
2005.573595	3.349387755
2005.587294	3.85877551
2005.600993	4.051428571
2005.614691	3.873469388
2005.62839	3.558367347
2005.642088	3.03755102
2005.655787	2.37877551
2005.669486	1.516734694
2005.683184	0.508571429
2005.696883	-0.383673469
2005.710582	-0.911836735
2005.72428	-1.158367347
2005.737979	-1.137142857
2005.751677	-0.913469388
2005.765376	-0.342857143
2005.779075	0.528979592
2005.792773	1.235102041
2005.806472	1.526530612
2005.820171	1.629387755
2005.833869	1.887346939
2005.847568	2.300408163
2005.861267	2.391020408
2005.874965	2.026938776
2005.888664	1.659591837
2005.902362	1.489795918
2005.916061	1.234285714
2005.92976	0.66122449
2005.943458	-0.130612245
2005.957157	-0.856326531
2005.970856	-1.435918367
2005.984554	-1.96
2005.998253	-2.339591837
2006.011951	-2.472653061
2006.02565	-2.411428571
2006.039349	-2.271836735
2006.053047	-1.998367347
2006.066746	-1.549387755
2006.080445	-1.206530612
2006.094143	-1.160816327
2006.107842	-1.360816327
2006.121541	-1.616326531
2006.135239	-1.848163265
2006.148938	-2.121632653
2006.162636	-2.404897959
2006.176335	-2.371428571
2006.190034	-2.124081633
2006.203732	-1.732244898
2006.217431	-1.435918367
2006.23113	-1.425306122
2006.244828	-1.512653061
2006.258527	-1.680816327
2006.272225	-1.982857143
2006.285924	-2.130612245
2006.299623	-2.24244898
2006.313321	-2.27755102
2006.32702	-1.92
2006.340719	-1.490612245
2006.354417	-1.060408163
2006.368116	-0.76244898
2006.381814	-0.705306122
2006.395513	-0.604897959
2006.409212	-0.395102041
2006.42291	-0.38122449
2006.436609	-0.355918367
2006.450308	-0.32
2006.464006	-0.091428571
2006.477705	0.283265306
2006.491404	0.584489796
2006.505102	0.840816327
2006.518801	1.252244898
2006.532499	1.769795918
2006.546198	2.209795918
2006.559897	2.348571429
2006.573595	2.233469388
2006.587294	1.977142857
2006.600993	1.502857143
2006.614691	0.817142857
2006.62839	-0.02122449
2006.642088	-0.706938776
2006.655787	-0.976326531
2006.669486	-0.916734694
2006.683184	-0.743673469
2006.696883	-0.489795918
2006.710582	-0.18122449
2006.72428	0.177959184
2006.737979	0.585306122
2006.751677	0.831836735
2006.765376	0.860408163
2006.779075	0.91755102
2006.792773	1.109387755
2006.806472	1.33877551
2006.820171	1.605714286
2006.833869	1.76244898
2006.847568	1.803265306
2006.861267	1.771428571
2006.874965	1.617959184
2006.888664	1.342857143
2006.902362	1.080816327
2006.916061	0.75755102
2006.92976	0.407346939
2006.943458	0.106938776
2006.957157	0.000816327
2006.970856	0.071836735
2006.984554	0.25877551
2006.998253	0.342040816
2007.011951	0.293061224
2007.02565	0.222040816
2007.039349	0.21877551
2007.053047	0.171428571
2007.066746	0.053877551
2007.080445	-0.008163265
2007.094143	0.05877551
2007.107842	0.273469388
2007.121541	0.448979592
2007.135239	0.348571429
2007.148938	0.065306122
2007.162636	-0.256326531
2007.176335	-0.534693878
2007.190034	-0.594285714
2007.203732	-0.551836735
2007.217431	-0.39755102
2007.23113	0.133877551
2007.244828	0.97877551
2007.258527	1.924081633
2007.272225	2.612244898
2007.285924	2.783673469
2007.299623	2.657142857
2007.313321	2.448163265
2007.32702	2.063673469
2007.340719	1.51755102
2007.354417	0.772244898
2007.368116	-0.102040816
2007.381814	-0.813877551
2007.395513	-1.419591837
2007.409212	-2
2007.42291	-2.576326531
2007.436609	-3.205714286
2007.450308	-3.688979592
2007.464006	-3.838367347
2007.477705	-3.708571429
2007.491404	-3.329795918
2007.505102	-2.809795918
2007.518801	-2.213877551
2007.532499	-1.575510204
2007.546198	-1.072653061
2007.559897	-0.798367347
2007.573595	-0.833469388
2007.587294	-0.961632653
2007.600993	-1.177959184
2007.614691	-1.525714286
2007.62839	-1.845714286
2007.642088	-1.885714286
2007.655787	-1.519183673
2007.669486	-0.870204082
2007.683184	-0.292244898
2007.696883	0.266122449
2007.710582	0.897142857
2007.72428	1.488979592
2007.737979	1.815510204
2007.751677	1.730612245
2007.765376	1.386938776
2007.779075	1.07755102
2007.792773	0.880816327
2007.806472	0.71755102
2007.820171	0.668571429
2007.833869	0.744489796
2007.847568	0.879183673
2007.861267	0.953469388
2007.874965	0.800816327
2007.888664	0.295510204
2007.902362	-0.333061224
2007.916061	-1.120816327
2007.92976	-1.874285714
2007.943458	-2.416326531
2007.957157	-2.648979592
2007.970856	-2.672653061
2007.984554	-2.495510204
2007.998253	-2.230204082
2008.011951	-1.887346939
2008.02565	-1.704489796
2008.039349	-1.727346939
2008.053047	-1.875918367
2008.066746	-2.032653061
2008.080445	-2.152653061
2008.094143	-2.328979592
2008.107842	-2.570612245
2008.121541	-2.742040816
2008.135239	-2.910204082
2008.148938	-3.169795918
2008.162636	-3.330612245
2008.176335	-3.262040816
2008.190034	-2.942040816
2008.203732	-2.487346939
2008.217431	-1.995102041
2008.23113	-1.432653061
2008.244828	-0.829387755
2008.258527	-0.415510204
2008.272225	-0.422040816
2008.285924	-0.72
2008.299623	-1.049795918
2008.313321	-1.130612245
2008.32702	-1.026938776
2008.340719	-0.939591837
2008.354417	-0.819591837
2008.368116	-0.577959184
2008.381814	-0.394285714
2008.395513	-0.382857143
2008.409212	-0.866122449
2008.42291	-1.564897959
2008.436609	-2.012244898
2008.450308	-2.241632653
2008.464006	-2.33877551
2008.477705	-2.249795918
2008.491404	-2.070204082
2008.505102	-1.758367347
2008.518801	-1.561632653
2008.532499	-1.516734694
2008.546198	-1.688979592
2008.559897	-1.85877551
2008.573595	-1.865306122
2008.587294	-1.712653061
2008.600993	-1.38122449
2008.614691	-0.977959184
2008.62839	-0.866122449
2008.642088	-0.709387755
2008.655787	-0.502857143
2008.669486	-0.516734694
2008.683184	-0.693061224
2008.696883	-0.930612245
2008.710582	-0.972244898
2008.72428	-0.648163265
2008.737979	-0.386938776
2008.751677	-0.370612245
2008.765376	-0.325714286
2008.779075	-0.027755102
2008.792773	0.486530612
2008.806472	0.934693878
2008.820171	1.188571429
2008.833869	1.451428571
2008.847568	1.768163265
2008.861267	2.040816327
2008.874965	1.96244898
2008.888664	1.56244898
2008.902362	1.123265306
2008.916061	0.853061224
2008.92976	0.790204082
2008.943458	0.795102041
2008.957157	0.733877551
2008.970856	0.742857143
2008.984554	0.726530612
2008.998253	0.555102041
2009.011951	0.172244898
2009.02565	-0.462040816
2009.039349	-1.066938776
2009.053047	-1.504489796
2009.066746	-1.906938776
2009.080445	-2.240816327
2009.094143	-2.516734694
2009.107842	-2.706122449
2009.121541	-2.777142857
2009.135239	-2.789387755
2009.148938	-2.721632653
2009.162636	-2.506122449
2009.176335	-2.152653061
2009.190034	-1.657959184
2009.203732	-1.262040816
2009.217431	-1.099591837
2009.23113	-1.112653061
2009.244828	-1.368163265
2009.258527	-1.876734694
2009.272225	-2.542040816
2009.285924	-3.249795918
2009.299623	-3.666938776
2009.313321	-3.588571429
2009.32702	-3.38122449
2009.340719	-3.151836735
2009.354417	-2.68244898
2009.368116	-2.025306122
2009.381814	-1.42122449
2009.395513	-1.029387755
2009.409212	-0.96
2009.42291	-0.90122449
2009.436609	-0.582857143
2009.450308	-0.229387755
2009.464006	-0.04
2009.477705	0.195102041
2009.491404	0.404897959
2009.505102	0.582857143
2009.518801	0.749387755
2009.532499	0.657142857
2009.546198	0.27755102
2009.559897	-0.131428571
2009.573595	-0.534693878
2009.587294	-0.764081633
2009.600993	-0.894693878
2009.614691	-1.114285714
2009.62839	-1.191836735
2009.642088	-0.967346939
2009.655787	-0.607346939
2009.669486	-0.330612245
2009.683184	-0.330612245
2009.696883	-0.459591837
2009.710582	-0.472653061
2009.72428	-0.528979592
2009.737979	-0.749387755
2009.751677	-0.946122449
2009.765376	-0.961632653
2009.779075	-0.64244898
2009.792773	-0.066122449
2009.806472	0.490612245
2009.820171	0.879183673
2009.833869	1.273469388
2009.847568	1.706938776
2009.861267	2.16
2009.874965	2.569795918
2009.888664	2.895510204
2009.902362	3.222857143
2009.916061	3.775510204
2009.92976	4.131428571
2009.943458	4.128163265
2009.957157	3.846530612
2009.970856	3.323265306
2009.984554	2.676734694
2009.998253	2.062857143
2010.011951	1.399183673
2010.02565	1.049795918
2010.039349	1.062040816
2010.053047	1.265306122
2010.066746	1.560816327
2010.080445	1.743673469
2010.094143	1.755102041
2010.107842	1.636734694
2010.121541	1.320816327
2010.135239	0.742857143
2010.148938	0.016326531
2010.162636	-0.689795918
2010.176335	-1.053877551
2010.190034	-1.186122449
2010.203732	-1.129795918
2010.217431	-0.869387755
2010.23113	-0.311020408
2010.244828	0.441632653
2010.258527	1.08
2010.272225	1.36244898
2010.285924	1.287346939
2010.299623	1.028571429
2010.313321	0.59755102
2010.32702	-0.112653061
2010.340719	-0.95755102
2010.354417	-1.573061224
2010.368116	-1.782857143
2010.381814	-1.554285714
2010.395513	-1.306938776
2010.409212	-1.142040816
2010.42291	-0.920816327
2010.436609	-0.702857143
2010.450308	-0.591836735
2010.464006	-0.724081633
2010.477705	-0.99755102
2010.491404	-0.991836735
2010.505102	-0.600816327
2010.518801	0.008163265
2010.532499	0.680816327
2010.546198	1.451428571
2010.559897	2.185306122
2010.573595	2.745306122
2010.587294	3.029387755
2010.600993	2.982857143
2010.614691	2.662040816
2010.62839	2.247346939
2010.642088	1.591836735
2010.655787	0.991020408
2010.669486	0.598367347
2010.683184	0.312653061
2010.696883	0.031836735
2010.710582	-0.113469388
2010.72428	-0.01877551
2010.737979	0.257959184
2010.751677	0.355918367
2010.765376	0.176326531
2010.779075	-0.093061224
2010.792773	-0.18122449
2010.806472	-0.168163265
2010.820171	-0.371428571
2010.833869	-0.6
2010.847568	-0.500408163
2010.861267	-0.094693878
2010.874965	0.313469388
2010.888664	0.49877551
2010.902362	0.405714286
2010.916061	0.307755102
2010.92976	0.293061224
2010.943458	0.085714286
2010.957157	-0.409795918
2010.970856	-0.936326531
2010.984554	-1.340408163
2010.998253	-1.545306122
2011.011951	-1.683265306
2011.02565	-2.030204082
2011.039349	-2.408979592
2011.053047	-2.543673469
2011.066746	-2.454693878
2011.080445	-2.374693878
2011.094143	-2.478367347
2011.107842	-2.685714286
2011.121541	-2.753469388
2011.135239	-2.675918367
2011.148938	-2.680816327
2011.162636	-3.029387755
2011.176335	-3.504489796
2011.190034	-3.76244898
2011.203732	-3.892244898
2011.217431	-4.151020408
2011.23113	-4.567346939
2011.244828	-4.990204082
2011.258527	-5.016326531
2011.272225	-4.681632653
2011.285924	-4.398367347
2011.299623	-4.173061224
2011.313321	-3.839183673
2011.32702	-3.457959184
2011.340719	-3.093061224
2011.354417	-2.92
2011.368116	-2.956734694
2011.381814	-3.072653061
2011.395513	-3.142040816
2011.409212	-3.097959184
2011.42291	-2.897959184
2011.436609	-2.584489796
2011.450308	-2.136326531
2011.464006	-1.680816327
2011.477705	-1.114285714
2011.491404	-0.611428571
2011.505102	-0.324081633
2011.518801	-0.208979592
2011.532499	-0.190204082
2011.546198	-0.459591837
2011.559897	-0.875918367
2011.573595	-1.331428571
2011.587294	-1.631836735
2011.600993	-1.815510204
2011.614691	-1.920816327
2011.62839	-2.151020408
2011.642088	-2.290612245
2011.655787	-2.267755102
2011.669486	-2.192653061
2011.683184	-2.244081633
2011.696883	-2.265306122
2011.710582	-2.243265306
2011.72428	-2.015510204
2011.737979	-1.755918367
2011.751677	-1.504489796
2011.765376	-1.226938776
2011.779075	-0.896326531
2011.792773	-0.702040816
2011.806472	-0.657142857
2011.820171	-0.545306122
2011.833869	-0.339591837
2011.847568	-0.353469388
2011.861267	-0.613061224
2011.874965	-1.004897959
2011.888664	-1.313469388
2011.902362	-1.474285714
2011.916061	-1.770612245
2011.92976	-1.985306122
2011.943458	-1.902857143
2011.957157	-1.753469388
2011.970856	-1.481632653
2011.984554	-1.129795918
2011.998253	-0.835918367
2012.011951	-0.527346939
2012.02565	-0.413877551
2012.039349	-0.340408163
2012.053047	-0.169795918
2012.066746	-0.142040816
2012.080445	-0.295510204
2012.094143	-0.518367347
2012.107842	-0.822857143
2012.121541	-1.195918367
2012.135239	-1.736326531
2012.148938	-2.264489796
2012.162636	-2.579591837
2012.176335	-2.631020408
2012.190034	-2.454693878
2012.203732	-2.194285714
2012.217431	-1.804897959
2012.23113	-1.396734694
2012.244828	-1.139591837
2012.258527	-1.017142857
2012.272225	-1.095510204
2012.285924	-1.436734694
2012.299623	-1.896326531
2012.313321	-2.466938776
2012.32702	-2.95755102
2012.340719	-3.200816327
2012.354417	-3.45877551
2012.368116	-3.810612245
2012.381814	-4.20244898
2012.395513	-4.426938776
2012.409212	-4.321632653
2012.42291	-4.073469388
2012.436609	-3.944489796
2012.450308	-3.777142857
2012.464006	-3.462857143
2012.477705	-2.857142857
2012.491404	-2.225306122
2012.505102	-1.639183673
2012.518801	-1.08
2012.532499	-0.486530612
2012.546198	0.119183673
2012.559897	0.684897959
2012.573595	0.839183673
2012.587294	0.655510204
2012.600993	-0.026122449
2012.614691	-0.906122449
2012.62839	-1.721632653
2012.642088	-2.494693878
2012.655787	-3.083265306
2012.669486	-3.025306122
2012.683184	-2.450612245
2012.696883	-1.528979592
2012.710582	-0.635918367
2012.72428	0.065306122
2012.737979	0.696326531
2012.751677	1.08244898
2012.765376	0.929795918
2012.779075	0.469387755
2012.792773	0.054693878
2012.806472	-0.213877551
2012.820171	-0.49877551
2012.833869	-0.844081633
2012.847568	-0.994285714
2012.861267	-0.894693878
2012.874965	-0.715918367
2012.888664	-0.626938776
2012.902362	-0.586122449
2012.916061	-0.386938776
2012.92976	-0.020408163
2012.943458	0.085714286
2012.957157	-0.097142857
2012.970856	-0.417142857
2012.984554	-0.694693878
2012.998253	-0.825306122
2013.011951	-0.830204082
2013.02565	-0.831836735
2013.039349	-0.67755102
2013.053047	-0.36244898
2013.066746	0.006530612
2013.080445	0.229387755
2013.094143	0.147755102
2013.107842	-0.246530612
2013.121541	-0.855510204
2013.135239	-1.494693878
2013.148938	-2.017959184
2013.162636	-2.416326531
2013.176335	-2.551020408
2013.190034	-2.342040816
2013.203732	-1.921632653
2013.217431	-1.349387755
2013.23113	-0.728979592
2013.244828	-0.321632653
2013.258527	-0.112653061
2013.272225	-0.129795918
2013.285924	-0.425306122
2013.299623	-0.876734694
2013.313321	-1.315102041
2013.32702	-1.765714286
2013.340719	-2.009795918
2013.354417	-2.030204082
2013.368116	-1.970612245
2013.381814	-1.865306122
2013.395513	-1.773877551
2013.409212	-1.869387755
2013.42291	-2.096326531
2013.436609	-2.260408163
2013.450308	-2.506938776
2013.464006	-2.709387755
2013.477705	-2.732244898
2013.491404	-2.516734694
2013.505102	-1.995918367
2013.518801	-1.231836735
2013.532499	-0.852244898
2013.546198	-0.640816327
2013.559897	-0.465306122
2013.573595	-0.361632653
2013.587294	-0.409795918
2013.600993	-0.592653061
2013.614691	-0.750204082
2013.62839	-0.483265306
2013.642088	-0.066938776
2013.655787	0.211428571
2013.669486	0.204081633
2013.683184	0.113469388
2013.696883	-0.025306122
2013.710582	-0.422040816
2013.72428	-0.986938776
2013.737979	-1.438367347
2013.751677	-1.774693878
2013.765376	-1.801632653
2013.779075	-1.648163265
2013.792773	-1.464489796
2013.806472	-1.154285714
2013.820171	-0.928979592
2013.833869	-0.953469388
2013.847568	-0.991836735
2013.861267	-1.129795918
2013.874965	-1.312653061
2013.888664	-1.419591837
2013.902362	-1.555102041
2013.916061	-1.610612245
2013.92976	-1.537142857
2013.943458	-1.365714286
2013.957157	-1.071836735
2013.970856	-0.935510204
2013.984554	-1.107755102
2013.998253	-1.304489796
2014.011951	-1.507755102
2014.02565	-1.592653061
2014.039349	-1.611428571
2014.053047	-1.649795918
2014.066746	-1.480816327
2014.080445	-0.992653061
2014.094143	-0.531428571
2014.107842	-0.172244898
2014.121541	-0.032653061
2014.135239	-0.139591837
2014.148938	-0.417959184
2014.162636	-0.886530612
2014.176335	-1.399183673
2014.190034	-1.711836735
2014.203732	-1.792653061
2014.217431	-1.711836735
2014.23113	-1.392653061
2014.244828	-0.947755102
2014.258527	-0.456326531
2014.272225	-0.110204082
2014.285924	-0.004081633
2014.299623	-0.102040816
2014.313321	-0.253061224
2014.32702	-0.639183673
2014.340719	-1.183673469
2014.354417	-1.684897959
2014.368116	-2.060408163
2014.381814	-2.33877551
2014.395513	-2.563265306
2014.409212	-2.846530612
2014.42291	-3.001632653
2014.436609	-2.98122449
2014.450308	-2.879183673
2014.464006	-2.688163265
2014.477705	-2.448979592
2014.491404	-2.084897959
2014.505102	-1.711836735
2014.518801	-1.424489796
2014.532499	-1.102857143
2014.546198	-0.76
2014.559897	-0.506122449
2014.573595	-0.194285714
2014.587294	0.068571429
2014.600993	0.46122449
2014.614691	0.951020408
2014.62839	1.38122449
2014.642088	1.617142857
2014.655787	1.598367347
2014.669486	1.267755102
2014.683184	0.774693878
2014.696883	0.236734694
2014.710582	-0.225306122
2014.72428	-0.664489796
2014.737979	-0.83755102
2014.751677	-0.584489796
2014.765376	-0.089795918
2014.779075	0.509387755
2014.792773	1.096326531
2014.806472	1.525714286
2014.820171	1.809795918
2014.833869	1.758367347
2014.847568	1.337959184
2014.861267	0.902040816
2014.874965	0.50122449
2014.888664	0.099591837
2014.902362	-0.224489796
2014.916061	-0.476734694
2014.92976	-0.515102041
2014.943458	-0.205714286
2014.957157	0.175510204
2014.970856	0.572244898
2014.984554	0.910204082
2014.998253	1.22122449
2015.011951	1.648979592
2015.02565	2.084897959
2015.039349	2.360816327
2015.053047	2.51755102
2015.066746	2.452244898
2015.080445	2.244897959
2015.094143	1.965714286
2015.107842	1.583673469
2015.121541	1.091428571
2015.135239	0.479183673
2015.148938	-0.142040816
2015.162636	-0.547755102
2015.176335	-0.620408163
2015.190034	-0.533877551
2015.203732	-0.441632653
2015.217431	-0.321632653
2015.23113	-0.132244898
2015.244828	0.103673469
2015.258527	0.395102041
2015.272225	0.524081633
2015.285924	0.446530612
2015.299623	0.212244898
2015.313321	-0.17877551
2015.32702	-0.530612245
2015.340719	-0.791836735
2015.354417	-1.203265306
2015.368116	-1.756734694
2015.381814	-2.283265306
2015.395513	-2.630204082
2015.409212	-2.685714286
2015.42291	-2.76
2015.436609	-2.913469388
2015.450308	-2.973877551
2015.464006	-2.77877551
2015.477705	-2.363265306
2015.491404	-1.807346939
2015.505102	-1.180408163
2015.518801	-0.438367347
2015.532499	0.199183673
2015.546198	0.817142857
2015.559897	1.297959184
2015.573595	1.516734694
2015.587294	1.434285714
2015.600993	1.285714286
2015.614691	1.247346939
2015.62839	1.405714286
2015.642088	1.424489796
2015.655787	1.350204082
2015.669486	1.500408163
2015.683184	1.944489796
2015.696883	2.054693878
2015.710582	1.653061224
2015.72428	1.075102041
2015.737979	0.671836735
2015.751677	0.481632653
2015.765376	0.348571429
2015.779075	0.142040816
2015.792773	0.229387755
2015.806472	0.755102041
2015.820171	1.430204082
2015.833869	2.01877551
2015.847568	2.382857143
2015.861267	2.395918367
2015.874965	2.128979592
2015.888664	1.76
2015.902362	1.318367347
2015.916061	0.955918367
2015.92976	0.796734694
2015.943458	1.050612245
2015.957157	1.675918367
2015.970856	2.662857143
2015.984554	3.684897959
2015.998253	4.488979592
2016.011951	4.958367347
2016.02565	5.160816327
2016.039349	5.046530612
2016.053047	4.800816327
2016.066746	4.426938776
2016.080445	4.112653061
2016.094143	3.990204082
2016.107842	3.984489796
2016.121541	4.011428571
2016.135239	4.059591837
2016.148938	4.111020408
2016.162636	4.164897959
2016.176335	4.189387755
2016.190034	4.269387755
2016.203732	4.516734694
2016.217431	4.854693878
2016.23113	5.104489796
2016.244828	5.128979592
2016.258527	4.964081633
2016.272225	4.600816327
2016.285924	3.992653061
2016.299623	3.087346939
2016.313321	1.988571429
2016.32702	1.008979592
2016.340719	0.224489796
2016.354417	-0.444897959
2016.368116	-1.056326531
2016.381814	-1.483265306
2016.395513	-1.594285714
2016.409212	-1.315918367
2016.42291	-0.90122449
2016.436609	-0.494693878
2016.450308	0.012244898
2016.464006	0.75755102
2016.477705	1.404081633
2016.491404	1.82122449
2016.505102	1.816326531
2016.518801	1.44244898
2016.532499	1.175510204
2016.546198	1.062040816
2016.559897	0.952653061
2016.573595	1.043265306
2016.587294	1.27755102
2016.600993	1.706122449
2016.614691	2.300408163
2016.62839	2.712653061
2016.642088	2.857959184
2016.655787	2.751836735
2016.669486	2.4
2016.683184	2.004081633
2016.696883	1.684081633
2016.710582	1.553469388
2016.72428	1.548571429
2016.737979	1.52
2016.751677	1.547755102
2016.765376	1.57877551
2016.779075	1.483265306
2016.792773	1.235918367
2016.806472	0.82122449
2016.820171	0.342040816
2016.833869	-0.026938776
2016.847568	-0.321632653
2016.861267	-0.512653061
2016.874965	-0.608163265
2016.888664	-0.679183673
2016.902362	-0.706122449
2016.916061	-0.725714286
2016.92976	-0.817959184
2016.943458	-0.855510204
2016.957157	-0.798367347
2016.970856	-0.647346939
2016.984554	-0.395102041
2016.998253	-0.246530612
2017.011951	-0.143673469
2017.02565	0.005714286
2017.039349	-0.00244898
2017.053047	-0.035918367
2017.066746	0.017142857
2017.080445	0.047346939
2017.094143	0.155102041
2017.107842	0.21877551
2017.121541	0.155102041
2017.135239	0.129795918
2017.148938	-0.044897959
2017.162636	-0.500408163
2017.176335	-0.995102041
2017.190034	-1.473469388
2017.203732	-1.79755102
2017.217431	-1.893877551
2017.23113	-1.929795918
2017.244828	-1.927346939
2017.258527	-1.675918367
2017.272225	-1.30122449
2017.285924	-0.965714286
2017.299623	-0.78122449
2017.313321	-0.764081633
2017.32702	-0.774693878
2017.340719	-0.759183673
2017.354417	-0.951020408
2017.368116	-1.352653061
2017.381814	-1.627755102
2017.395513	-1.695510204
2017.409212	-1.702857143
2017.42291	-1.65877551
2017.436609	-1.436734694
2017.450308	-1.03755102
2017.464006	-0.560816327
2017.477705	-0.314285714
2017.491404	-0.24
2017.505102	-0.040816327
2017.518801	0.42122449
2017.532499	0.759183673
2017.546198	0.94122449
2017.559897	1.052244898
2017.573595	1.255510204
2017.587294	1.510204082
2017.600993	1.555102041
2017.614691	1.031836735
2017.62839	0.352653061
2017.642088	-0.281632653
2017.655787	-0.737142857
2017.669486	-0.999183673
2017.683184	-1.147755102
2017.696883	-1.124897959
2017.710582	-0.808979592
2017.72428	-0.287346939
2017.737979	0.422857143
2017.751677	1.205714286
2017.765376	1.805714286
2017.779075	2.128979592
2017.792773	2.284081633
2017.806472	2.316734694
2017.820171	2.106122449
2017.833869	1.623673469
2017.847568	0.881632653
2017.861267	0.14122449
2017.874965	-0.376326531
2017.888664	-0.811428571
2017.902362	-1.132244898
2017.916061	-1.314285714
2017.92976	-1.524897959
2017.943458	-1.779591837
2017.957157	-2.085714286
2017.970856	-2.414693878
2017.984554	-2.662857143
2017.998253	-2.815510204
2018.011951	-2.817142857
2018.02565	-2.565714286
2018.039349	-2.085714286
2018.053047	-1.473469388
2018.066746	-0.976326531
2018.080445	-0.63755102
2018.094143	-0.471836735
2018.107842	-0.608163265
2018.121541	-0.949387755
2018.135239	-1.310204082
2018.148938	-1.635102041
2018.162636	-1.832653061
2018.176335	-2.087346939
2018.190034	-2.484897959
2018.203732	-2.643265306
2018.217431	-2.502857143
2018.23113	-2.427755102
2018.244828	-2.489795918
2018.258527	-2.613061224
2018.272225	-2.423673469
2018.285924	-1.854693878
2018.299623	-1.379591837
2018.313321	-1.392653061
2018.32702	-1.497959184
2018.340719	-1.485714286
2018.354417	-1.368979592
2018.368116	-1.383673469
2018.381814	-1.457959184
2018.395513	-1.41877551
2018.409212	-1.032653061
2018.42291	-0.582857143
2018.436609	-0.363265306
2018.450308	-0.379591837
2018.464006	-0.545306122
2018.477705	-0.912653061
2018.491404	-1.251428571
2018.505102	-1.456326531
2018.518801	-1.513469388
2018.532499	-1.236734694
2018.546198	-0.652244898
2018.559897	-0.012244898
2018.573595	0.580408163
2018.587294	0.733061224
2018.600993	0.44
2018.614691	-0.131428571
2018.62839	-0.970612245
2018.642088	-1.952653061
2018.655787	-2.643265306
2018.669486	-2.933061224
2018.683184	-2.748571429
2018.696883	-2.347755102
2018.710582	-1.747755102
2018.72428	-1.026122449
2018.737979	-0.359183673
2018.751677	0.013877551
2018.765376	0.007346939
2018.779075	-0.16
2018.792773	-0.241632653
2018.806472	-0.411428571
2018.820171	-0.668571429
2018.833869	-0.91755102
2018.847568	-1.195918367
2018.861267	-1.340408163
2018.874965	-1.436734694
2018.888664	-1.516734694
2018.902362	-1.441632653
2018.916061	-1.302040816
2018.92976	-1.227755102
2018.943458	-1.119183673
2018.957157	-0.985306122
2018.970856	-0.826938776
2018.984554	-0.728979592
2018.998253	-0.700408163
2019.011951	-0.506122449
2019.02565	-0.019591837
2019.039349	0.548571429
2019.053047	0.959183673
2019.066746	1.25877551
2019.080445	1.544489796
2019.094143	1.809795918
2019.107842	1.805714286
2019.121541	1.539591837
2019.135239	1.352653061
2019.148938	1.459591837
2019.162636	1.667755102
2019.176335	1.841632653
2019.190034	1.88
2019.203732	2.038367347
2019.217431	2.275102041
2019.23113	2.388571429
2019.244828	2.150204082
2019.258527	1.671836735
2019.272225	1.182857143
2019.285924	0.865306122
2019.299623	0.645714286
2019.313321	0.49877551
2019.32702	0.294693878
2019.340719	0.215510204
2019.354417	0.319183673
2019.368116	0.424489796
2019.381814	0.391836735
2019.395513	0.024489796
2019.409212	-0.709387755
2019.42291	-1.24244898
2019.436609	-1.572244898
2019.450308	-1.761632653
2019.464006	-1.914285714
2019.477705	-1.968979592
2019.491404	-1.810612245
2019.505102	-1.291428571
2019.518801	-1.164897959
2019.532499	-1.348571429
2019.546198	-1.613061224
2019.559897	-1.659591837
2019.573595	-1.547755102
2019.587294	-1.451428571
2019.600993	-1.519183673
2019.614691	-1.313469388
2019.62839	-1.012244898
2019.642088	-0.991836735
2019.655787	-1.373061224
2019.669486	-2.026938776
2019.683184	-2.54122449
2019.696883	-2.816326531
2019.710582	-2.931428571
2019.72428	-2.928163265
2019.737979	-2.68
2019.751677	-2.222040816
2019.765376	-1.693877551
2019.779075	-1.250612245
2019.792773	-0.910204082
2019.806472	-0.684897959
2019.820171	-0.304489796
2019.833869	0.232653061
2019.847568	0.785306122
2019.861267	1.289795918
2019.874965	1.544489796
2019.888664	1.631836735
2019.902362	1.488979592
2019.916061	1.013061224
2019.92976	0.306938776
2019.943458	-0.460408163
2019.957157	-0.937959184
2019.970856	-1.083265306
2019.984554	-1.150204082
2019.998253	-1.078367347
2020.011951	-1.022040816
2020.02565	-0.931428571
2020.039349	-0.68244898
2020.053047	-0.690612245
2020.066746	-0.809795918
2020.080445	-0.880816327
2020.094143	-1.017959184
2020.107842	-1.087346939
2020.121541	-1.004897959
2020.135239	-0.96
2020.148938	-0.732244898
2020.162636	-0.365714286
2020.176335	0.155918367
2020.190034	0.991020408
2020.203732	2.164897959
2020.217431	3.188571429
2020.23113	3.866122449
2020.244828	4.119183673
2020.258527	3.970612245
2020.272225	3.617142857
2020.285924	3.068571429
2020.299623	2.170612245
2020.313321	1.195102041
2020.32702	0.58122449
2020.340719	0.413061224
2020.354417	0.760816327
2020.368116	1.080816327
2020.381814	1.217959184
2020.395513	1.324081633
2020.409212	1.582040816
2020.42291	1.644897959
2020.436609	1.309387755
2020.450308	0.470204082
2020.464006	-0.2
2020.477705	-0.625306122
2020.491404	-0.822040816
2020.505102	-1.153469388
2020.518801	-1.394285714
2020.532499	-1.197414966
2020.546198	-0.553986395
2020.559897	-0.071809524
2020.573595	0.129823129
2020.587294	0.206557823
2020.600993	0.360027211
2020.614691	0
2020.62839	0
2020.642088	0
