offs    0.25000000000
bg      0.00000000000
impA    9.03259071084
impB    0.00000000000
ma      0.00000000000
mp      0.00000000000
shfT    0.00000000000
init    0.00000000000
   9.10846048930   0.00524089379  -0.54149869857
  29.53064709718   0.00655772783  -2.06237078096
  27.09261953873   0.00209102540   2.13836887838
   6.82354927062  -0.00279605499   0.66961050603
   6.85248206692   0.00927823028   3.37665309366
  13.60611041000   0.01094862264  -0.13189208099
  13.66081618500   0.32596171015  -2.21426414116
3397.64080307470   0.00727710441  -0.55614312266
   9.12068594402   0.04706795921  -2.39906463541
  13.77727494000   0.01537976483   1.28678902520
6795.28160614939   0.00381414477   2.12765995972
  27.55454988000   0.08866862827   2.10520861174
  27.66673720859   0.00442390719  -2.69655447605
  27.44326870576   0.00675515822   0.46343921057
1616.09851046018   0.00276979613   1.25350617011
   6.85939920631   0.01418843779   2.17466035593
   6.83040809250  -0.00039407739  -1.83661842180
   9.55687890429   0.01341943267   1.72784915233
   9.13294426107   0.07363769439   2.96101626469
  27.32163237000   0.00624477748   1.71981513431
  27.21222082000   0.00104333952   2.06973541826
   9.18484996000   0.00596245565   0.49863327785
  14.76532354859   0.02514599895   0.60297420850
  31.81207632667   0.01759598473   1.79377033662
   9.06950090247  -0.00246369633  -1.56804919463
  13.63340841926   0.12704966016  -1.28226962927
  26.98503088862  -0.00363717878   1.71931622029
ltep    0.63669311928
ltep   47.64312974812
ltep   13.51699474089
ltep  100.01510198383
ltep   11.12583494929
ltep  186.50966763173
ltep  584.41757077944
ltep   69.99826632624
ltep  160.40293227899
ltep  397.60388762234
ltep    0.50039614503
