1880.0020931038	-0.1827872604
1880.0854264372	-0.7048056462
1880.1687597705	-0.5604393327
1880.2520931038	-0.3776926549
1880.3354264372	-0.5220158597
1880.4187597705	0.0188455251
1880.5020931038	-0.1070908321
1880.5854264372	-0.4410361221
1880.6687597705	-0.1066158000
1880.7520931038	0.0613602547
1880.8354264372	0.2512686682
1880.9187597705	0.6358841320
1881.0020931038	0.7830691055
1881.0854264372	0.6298344268
1881.1687597705	0.5240651666
1881.2520931038	0.3729432197
1881.3354264372	0.2564345033
1881.4187597705	0.5603282633
1881.5020931038	0.9645410772
1881.5854264372	1.1553975811
1881.6687597705	1.6006922568
1881.7520931038	0.7995438486
1881.8354264372	-0.6009405287
1881.9187597705	-0.0372666720
1882.0020931038	0.3759341073
1882.0854264372	-0.0307559533
1882.1687597705	-0.2391958737
1882.2520931038	-0.5386960778
1882.3354264372	-0.1008982676
1882.4187597705	0.9353615769
1882.5020931038	1.4677595560
1882.5854264372	1.2876780861
1882.6687597705	0.2525638286
1882.7520931038	-0.1031171546
1882.8354264372	-0.4014059204
1882.9187597705	-0.5855689900
1883.0020931038	0.3014424032
1883.0854264372	1.4880084755
1883.1687597705	0.7327175855
1883.2520931038	-0.8440594094
1883.3354264372	-0.4254940508
1883.4187597705	0.2970140430
1883.5020931038	0.2130740649
1883.5854264372	0.1024247929
1883.6687597705	0.1307790387
1883.7520931038	-0.4332307955
1883.8354264372	0.2082925251
1883.9187597705	1.1590824042
1884.0020931038	1.0854654823
1884.0854264372	0.2292792509
1884.1687597705	0.2785195880
1884.2520931038	0.5600352042
1884.3354264372	-0.1480143111
1884.4187597705	-0.0074658185
1884.5020931038	0.3580706459
1884.5854264372	0.3857421702
1884.6687597705	0.1714387223
1884.7520931038	0.0836217552
1884.8354264372	0.5946038212
1884.9187597705	1.2623530108
1885.0020931038	0.7867523549
1885.0854264372	-0.0130216110
1885.1687597705	0.1789850846
1885.2520931038	0.4917635809
1885.3354264372	0.8084436775
1885.4187597705	0.8341436342
1885.5020931038	0.7185964057
1885.5854264372	0.6736472429
1885.6687597705	1.1227806986
1885.7520931038	1.6714974594
1885.8354264372	0.6398605454
1885.9187597705	0.1007862457
1886.0020931038	0.2446896770
1886.0854264372	-0.0170834990
1886.1687597705	0.0128191837
1886.2520931038	-0.3262156762
1886.3354264372	-0.3242399039
1886.4187597705	-0.3992733390
1886.5020931038	-0.9222590959
1886.5854264372	-1.1553975811
1886.6687597705	-1.0877955603
1886.7520931038	-0.8264190560
1886.8354264372	-1.1847509877
1886.9187597705	-1.4253779291
1887.0020931038	-1.1158532850
1887.0854264372	-0.9227857343
1887.1687597705	-0.6216770776
1887.2520931038	-0.2317644594
1887.3354264372	0.0359055388
1887.4187597705	-0.0144913042
1887.5020931038	-0.0385475565
1887.5854264372	-0.1984854147
1887.6687597705	-0.2137663217
1887.7520931038	0.1854423970
1887.8354264372	0.2334496988
1887.9187597705	-0.0034979193
1888.0020931038	0.2147110550
1888.0854264372	0.8872827669
1888.1687597705	1.3881930795
1888.2520931038	0.9092881387
1888.3354264372	0.7371072319
1888.4187597705	1.0593386378
1888.5020931038	0.9619367159
1888.5854264372	0.7846897245
1888.6687597705	1.0253045160
1888.7520931038	1.2131311234
1888.8354264372	0.9334341753
1888.9187597705	1.6937635646
1889.0020931038	1.7951114053
1889.0854264372	1.7158381614
1889.1687597705	1.5236605166
1889.2520931038	0.1696260423
1889.3354264372	-0.5671365242
1889.4187597705	-0.6892979791
1889.5020931038	0.0204229307
1889.5854264372	-0.3726232133
1889.6687597705	-0.5862059883
1889.7520931038	-1.0761584629
1889.8354264372	-2.1172207014
1889.9187597705	-2.1856613003
1890.0020931038	-1.4551853920
1890.0854264372	-0.9119284779
1890.1687597705	-0.8127646513
1890.2520931038	-0.4029351816
1890.3354264372	-0.3681450303
1890.4187597705	-0.2044652904
1890.5020931038	0.1420060194
1890.5854264372	-0.3574027220
1890.6687597705	-0.6651168123
1890.7520931038	-0.1561242421
1890.8354264372	0.1382805089
1890.9187597705	-0.6089857345
1891.0020931038	-0.4909555284
1891.0854264372	0.8579318864
1891.1687597705	0.6373115641
1891.2520931038	0.1662263165
1891.3354264372	0.3616679897
1891.4187597705	0.5629049346
1891.5020931038	0.9502065821
1891.5854264372	1.1023138284
1891.6687597705	0.6773678227
1891.7520931038	0.4911446323
1891.8354264372	0.8266933393
1891.9187597705	0.4518460818
1892.0020931038	0.6431587372
1892.0854264372	0.1387199941
1892.1687597705	-0.6712344950
1892.2520931038	-0.2111543986
1892.3354264372	-0.5503192252
1892.4187597705	-0.6199779932
1892.5020931038	-0.3649959810
1892.5854264372	-0.2874878252
1892.6687597705	-0.5444888233
1892.7520931038	-0.3779418792
1892.8354264372	0.0118085991
1892.9187597705	-0.4671537263
1893.0020931038	-0.7739394544
1893.0854264372	-0.2979302388
1893.1687597705	-0.1798269148
1893.2520931038	-0.6142896029
1893.3354264372	-0.7645632100
1893.4187597705	-1.0055616758
1893.5020931038	-0.7310867737
1893.5854264372	-0.5430567865
1893.6687597705	-0.7229605931
1893.7520931038	-0.5701199550
1893.8354264372	-0.0267930898
1893.9187597705	-0.8288820268
1894.0020931038	-1.5219072998
1894.0854264372	-0.6179694953
1894.1687597705	-0.4099510270
1894.2520931038	0.0845157133
1894.3354264372	0.3428715614
1894.4187597705	0.0817089247
1894.5020931038	0.3729871593
1894.5854264372	0.4007014971
1894.6687597705	0.0115105044
1894.7520931038	0.2225513074
1894.8354264372	0.3047772301
1894.9187597705	-0.2294766425
1895.0020931038	-0.3757126779
1895.0854264372	0.0807763578
1895.1687597705	0.0857569677
1895.2520931038	-0.0115284325
1895.3354264372	0.4002251866
1895.4187597705	0.5309282860
1895.5020931038	0.5429016560
1895.5854264372	0.4181556729
1895.6687597705	0.3492978266
1895.7520931038	0.7355806017
1895.8354264372	0.8658065430
1895.9187597705	0.1989706396
1896.0020931038	-0.5015602034
1896.0854264372	-0.2145731266
1896.1687597705	0.1391623005
1896.2520931038	1.1059428405
1896.3354264372	1.8430241658
1896.4187597705	1.2090709140
1896.5020931038	1.2825286221
1896.5854264372	1.4416174144
1896.6687597705	1.3966313213
1896.7520931038	1.1540546025
1896.8354264372	1.0984519630
1896.9187597705	1.3743818657
1897.0020931038	1.1042186971
1897.0854264372	1.3517357385
1897.1687597705	1.5396105950
1897.2520931038	1.2619799294
1897.3354264372	0.7851552211
1897.4187597705	0.2792831793
1897.5020931038	0.2304947890
1897.5854264371	-0.0032609663
1897.6687597705	-0.0684838124
1897.7520931038	0.2923031118
1897.8354264371	-0.2018017611
1897.9187597705	-0.8065798222
1898.0020931038	-0.5936374026
1898.0854264371	-1.4117365385
1898.1687597705	-1.3491255989
1898.2520931038	-0.1293093455
1898.3354264371	0.1672158205
1898.4187597705	-0.0688053925
1898.5020931038	-0.3210581289
1898.5854264371	-0.6599110158
1898.6687597705	-0.7177515444
1898.7520931038	-0.5505944610
1898.8354264371	-0.5677073286
1898.9187597705	-0.8030689054
1899.0020931038	-0.6900685797
1899.0854264371	-0.6842301111
1899.1687597705	-0.6477703488
1899.2520931038	0.1382339382
1899.3354264371	0.5433482720
1899.4187597705	0.6133173011
1899.5020931038	0.6074288881
1899.5854264371	0.4765220089
1899.6687597705	0.1618894192
1899.7520931038	-0.1855567186
1899.8354264371	0.0345025445
1899.9187597705	0.7537752835
1900.0020931038	1.0337851238
1900.0854264371	1.7597172764
1900.1687597705	1.8814967356
1900.2520931038	0.8700000762
1900.3354264371	-0.2843596302
1900.4187597705	-0.9298368314
1900.5020931038	-0.7492366849
1900.5854264371	-0.0027852082
1900.6687597705	0.9467978206
1900.7520931038	0.8269033283
1900.8354264371	0.6408164928
1900.9187597705	0.4789280261
1901.0020931038	0.0883989854
1901.0854264371	-0.2862344044
1901.1687597705	-0.3201641709
1901.2520931038	0.0547019672
1901.3354264371	-0.3000439396
1901.4187597705	-0.7184478844
1901.5020931038	-0.4905805421
1901.5854264371	0.3935790655
1901.6687597705	1.2459273479
1901.7520931038	1.1385689633
1901.8354264371	0.5909324431
1901.9187597705	-0.5326360582
1902.0020931038	-0.3183468863
1902.0854264371	0.1588767247
1902.1687597705	-0.2492252445
1902.2520931038	0.0721596216
1902.3354264371	0.1664687052
1902.4187597705	0.2551192146
1902.5020931038	0.5519487586
1902.5854264371	1.1037980926
1902.6687597705	1.2221253721
1902.7520931038	0.9637255844
1902.8354264371	0.7728216623
1902.9187597705	0.9233702787
1903.0020931038	1.4104719036
1903.0854264371	0.0785012432
1903.1687597705	-1.1885066977
1903.2520931038	-0.6524053409
1903.3354264371	-0.0981499897
1903.4187597705	-0.1783254485
1903.5020931038	-0.2634470965
1903.5854264371	-0.2906669692
1903.6687597705	-0.5659675568
1903.7520931038	-0.2608842702
1903.8354264371	-0.8118132037
1903.9187597705	-1.3203755124
1904.0020931038	-1.1957070422
1904.0854264371	-1.0001584877
1904.1687597705	-1.2077529943
1904.2520931038	-1.1657847362
1904.3354264371	0.1138372252
1904.4187597705	0.7147517425
1904.5020931038	0.4694457479
1904.5854264371	0.0889377902
1904.6687597705	-0.1036782138
1904.7520931038	0.5906048750
1904.8354264371	0.7727843320
1904.9187597705	0.6098512764
1905.0020931038	1.4719095497
1905.0854264371	2.3819235184
1905.1687597705	2.5950554728
1905.2520931038	1.9413593807
1905.3354264371	1.5925286244
1905.4187597705	1.4465211326
1905.5020931038	1.1178634615
1905.5854264371	0.5985319854
1905.6687597705	0.3480004661
1905.7520931038	0.9851844848
1905.8354264371	1.5452016393
1905.9187597705	0.9386406978
1906.0020931038	0.6664442674
1906.0854264371	0.8087925475
1906.1687597705	0.6371986946
1906.2520931038	0.4906996948
1906.3354264371	0.2866688539
1906.4187597705	-0.1716018146
1906.5020931038	-0.6574965893
1906.5854264371	-1.1283344126
1906.6687597705	-1.0943951107
1906.7520931038	-1.0673692725
1906.8354264371	-0.9117294077
1906.9187597705	-0.5255355858
1907.0020931038	-0.3246881984
1907.0854264371	0.2145697695
1907.1687597705	0.3745076277
1907.2520931038	0.3981932033
1907.3354264371	0.0169480966
1907.4187597705	-0.2184610033
1907.5020931038	0.2428999774
1907.5854264371	0.3318902215
1907.6687597705	0.1500677012
1907.7520931038	0.2644374480
1907.8354264371	-0.2244365695
1907.9187597705	0.1274198954
1908.0020931038	0.1671441909
1908.0854264371	-0.2725826307
1908.1687597705	-0.2413674640
1908.2520931038	-0.4067815234
1908.3354264371	0.2140406050
1908.4187597705	-0.0785530397
1908.5020931038	-0.4127197592
1908.5854264371	-0.6621609499
1908.6687597705	-0.8400344517
1908.7520931038	-0.3377278591
1908.8354264371	0.0496349302
1908.9187597705	0.1401698541
1909.0020931038	0.2907022209
1909.0854264371	0.1329342578
1909.1687597705	0.1462867058
1909.2520931038	0.2468142966
1909.3354264371	-0.6425569906
1909.4187597705	-0.9345926548
1909.5020931038	-0.7193117478
1909.5854264371	-0.4592636511
1909.6687597705	-0.3346807604
1909.7520931038	-0.4350040190
1909.8354264371	-0.4466402854
1909.9187597705	-0.6634634676
1910.0020931038	-1.1839882274
1910.0854264371	-1.2211202231
1910.1687597705	-0.7293878108
1910.2520931038	-0.2783694931
1910.3354264371	-0.6217797543
1910.4187597705	-1.3278224502
1910.5020931038	-1.0692302017
1910.5854264371	-0.9715724461
1910.6687597705	-0.8733981235
1910.7520931038	-0.9445696932
1910.8354264371	-1.4746938054
1910.9187597705	-0.9563767187
1911.0020931038	-0.3437810429
1911.0854264371	-0.1872525508
1911.1687597705	-0.1431818225
1911.2520931038	0.1427628965
1911.3354264371	0.8497738111
1911.4187597705	1.0439181239
1911.5020931038	0.9444162412
1911.5854264371	0.7533458696
1911.6687597705	0.8608066524
1911.7520931038	1.0397657256
1911.8354264371	0.6000465706
1911.9187597705	0.7473325422
1912.0020931038	1.6506539242
1912.0854264371	1.5100890604
1912.1687597705	1.2581180641
1912.2520931038	1.3278078792
1912.3354264371	0.6683442054
1912.4187597705	0.1167015033
1912.5020931038	0.2898970946
1912.5854264371	0.3994137770
1912.6687597705	0.3010058751
1912.7520931038	0.2943795871
1912.8354264371	0.5069022498
1912.9187597705	0.6511977646
1913.0020931038	0.4061495773
1913.0854264371	0.2553698911
1913.1687597705	0.1250734463
1913.2520931038	0.5614256011
1913.3354264371	0.6698571121
1913.4187597705	0.5217668618
1913.5020931038	0.5528305501
1913.5854264371	0.8236838970
1913.6687597705	0.9971407576
1913.7520931038	1.0475808141
1913.8354264371	0.9636022270
1913.9187597705	0.9618428485
1914.0020931038	0.8488791270
1914.0854264371	0.0386340885
1914.1687597705	0.2463999753
1914.2520931038	0.7706646431
1914.3354264371	0.8502073082
1914.4187597705	1.1925711119
1914.5020931038	1.2973407802
1914.5854264371	1.3787556934
1914.6687597705	1.3187256463
1914.7520931038	1.1521203652
1914.8354264371	0.6351601021
1914.9187597705	1.4427339280
1915.0020931038	1.7549439558
1915.0854264371	1.5889172310
1915.1687597705	1.8442465396
1915.2520931038	0.5246132117
1915.3354264371	-0.6803501961
1915.4187597705	-1.3306661691
1915.5020931038	-1.1019359159
1915.5854264371	-0.9387475792
1915.6687597705	-0.9697983750
1915.7520931038	0.0386305050
1915.8354264371	-0.1359239885
1915.9187597705	-0.8931858559
1916.0020931038	-0.2492987791
1916.0854264371	0.3552767498
1916.1687597705	0.3774331690
1916.2520931038	-0.2003551532
1916.3354264371	-0.7381727965
1916.4187597705	-1.3473577061
1916.5020931038	-1.3533475482
1916.5854264371	-0.7222511341
1916.6687597705	-0.6753265991
1916.7520931038	-0.7705665710
1916.8354264371	-1.2907903266
1916.9187597705	-1.1289026909
1917.0020931038	-0.4105958656
1917.0854264371	-1.0044219720
1917.1687597705	-1.3795925929
1917.2520931038	-1.1458213141
1917.3354264371	-1.1689819298
1917.4187597705	-1.5773651916
1917.5020931038	-2.1154007857
1917.5854264371	-2.2550922507
1917.6687597705	-1.6763081412
1917.7520931038	-1.2715430775
1917.8354264371	-1.7746472348
1917.9187597705	-1.6765039592
1918.0020931038	-1.3228649257
1918.0854264371	-0.4193029385
1918.1687597705	-0.0619479298
1918.2520931038	-0.7110638884
1918.3354264371	-0.1512174929
1918.4187597705	0.7239899535
1918.5020931038	0.9006051037
1918.5854264371	0.8352531384
1918.6687597705	0.8259658307
1918.7520931038	0.3781875201
1918.8354264371	0.5025301006
1918.9187597705	1.1396234875
1919.0020931038	1.5566853013
1919.0854264371	1.4379392006
1919.1687597705	0.6912909535
1919.2520931038	0.2258139523
1919.3354264371	0.5241778097
1919.4187597705	0.6775685714
1919.5020931038	0.7468109395
1919.5854264371	0.6333695549
1919.6687597705	0.6167136698
1919.7520931038	0.9355021364
1919.8354264371	0.9866982225
1919.9187597705	0.2947045243
1920.0020931038	-0.0119097021
1920.0854264371	0.6046032189
1920.1687597705	0.3732723614
1920.2520931038	-0.0202678001
1920.3354264371	-0.3616549923
1920.4187597705	-0.8768214561
1920.5020931038	-0.6496358827
1920.5854264371	-0.4809037984
1920.6687597705	-0.2210590814
1920.7520931038	0.0950286304
1920.8354264371	-0.5386495071
1920.9187597705	-1.1421251721
1921.0020931038	-0.7896195591
1921.0854264371	-0.6099493485
1921.1687597705	-0.1612599826
1921.2520931038	0.0958157071
1921.3354264371	-1.1534917599
1921.4187597705	-1.1536449168
1921.5020931038	0.0977432302
1921.5854264371	0.1885868416
1921.6687597705	-0.3975587311
1921.7520931038	-0.4290921207
1921.8354264371	-0.5125457480
1921.9187597705	-0.7422819812
1922.0020931038	-0.8366288427
1922.0854264371	-0.7284724460
1922.1687597705	-0.1337574338
1922.2520931038	0.1864671527
1922.3354264371	-0.0858302759
1922.4187597705	-0.2242692724
1922.5020931038	0.0626444962
1922.5854264371	-0.0755583949
1922.6687597705	-0.3260311771
1922.7520931038	-0.3157886646
1922.8354264371	-0.6990422692
1922.9187597705	-0.8581663133
1923.0020931038	-0.4369986720
1923.0854264371	-0.4759307502
1923.1687597705	-0.7621816306
1923.2520931038	-0.5295991524
1923.3354264371	-0.2257683341
1923.4187597705	0.4121268220
1923.5020931038	1.3273268590
1923.5854264371	1.3490030890
1923.6687597705	0.8147576257
1923.7520931038	0.8116303832
1923.8354264371	0.4277197735
1923.9187597705	0.2759445952
1924.0020931038	0.4569138449
1924.0854264371	-0.0221848353
1924.1687597705	0.2201255620
1924.2520931038	0.0142515465
1924.3354264371	-0.4535320473
1924.4187597705	-0.2418198417
1924.5020931038	-0.3499779170
1924.5854264371	-0.4341598838
1924.6687597705	-0.5480789314
1924.7520931038	-0.7400873056
1924.8354264371	-0.7474298882
1924.9187597705	-0.6574509712
1925.0020931038	-1.1548554192
1925.0854264371	-1.6298146986
1925.1687597705	-1.2569432135
1925.2520931038	-0.5580267063
1925.3354264371	0.0491116489
1925.4187597705	0.6301705779
1925.5020931038	0.9036152720
1925.5854264371	0.6571947375
1925.6687597705	0.8712000908
1925.7520931038	1.1239011218
1925.8354264371	1.0200816224
1925.9187597705	0.7613781829
1926.0020931038	1.1637091084
1926.0854264371	1.6479842165
1926.1687597705	1.0438137686
1926.2520931038	0.3475824926
1926.3354264371	0.3089124263
1926.4187597705	0.3233287437
1926.5020931038	0.3520451520
1926.5854264371	0.1779581288
1926.6687597705	-0.3295525817
1926.7520931038	-0.0812442591
1926.8354264371	-0.1285499588
1926.9187597705	-0.5953184373
1927.0020931038	-0.2421130057
1927.0854264371	-0.5220719658
1927.1687597705	-0.9402655215
1927.2520931038	-0.4856164082
1927.3354264371	-0.4364132965
1927.4187597705	-0.3488504846
1927.5020931038	0.2079702191
1927.5854264371	0.3955062935
1927.6687597705	0.3149517651
1927.7520931038	0.6251338619
1927.8354264371	0.1432611188
1927.9187597705	0.3908946818
1928.0020931038	0.2724895944
1928.0854264371	-0.9595248155
1928.1687597705	-0.8504417351
1928.2520931038	-0.1402319483
1928.3354264371	0.4652366911
1928.4187597705	0.2617660618
1928.5020931038	-0.1523684106
1928.5854264371	-0.4312247022
1928.6687597705	-0.7449886192
1928.7520931038	-0.3419129830
1928.8354264371	-0.3825880853
1928.9187597705	-1.5231883057
1929.0020931038	-1.9652971067
1929.0854264371	-1.1284758031
1929.1687597705	-0.2170877037
1929.2520931038	0.3229375078
1929.3354264371	0.5807994431
1929.4187597705	0.2429302985
1929.5020931038	0.2009854208
1929.5854264371	0.2295681053
1929.6687597705	-0.0509029221
1929.7520931038	-0.5263569618
1929.8354264371	-0.6923849342
1929.9187597705	-0.9431759393
1930.0020931038	-0.8258622015
1930.0854264371	-0.0746212233
1930.1687597705	0.2576216253
1930.2520931038	0.2674959870
1930.3354264371	0.3692675320
1930.4187597705	0.4911014187
1930.5020931038	0.4964157751
1930.5854264371	0.6507004948
1930.6687597705	0.4688260732
1930.7520931038	0.3555503071
1930.8354264371	0.5055861136
1930.9187597705	-0.0253950263
1931.0020931038	0.5779144843
1931.0854264371	0.9209547262
1931.1687597705	-0.1342994908
1931.2520931038	-0.4374011219
1931.3354264371	-0.5206115129
1931.4187597705	-0.4512475875
1931.5020931038	-0.0535672990
1931.5854264371	-0.0716018146
1931.6687597705	0.1553044398
1931.7520931038	0.5424543139
1931.8354264371	-0.1529546336
1931.9187597705	-0.5270069575
1932.0020931038	0.0529743618
1932.0854264371	0.5723284757
1932.1687597705	0.9053893431
1932.2520931038	0.5938579844
1932.3354264371	0.0402579597
1932.4187597705	0.6123087950
1932.5020931038	0.9116673135
1932.5854264371	0.6354685632
1932.6687597705	0.3765986742
1932.7520931038	0.3001257620
1932.8354264371	0.0129172557
1932.9187597705	0.3042299111
1933.0020931038	0.2983688930
1933.0854264371	-0.2775229532
1933.1687597705	-0.0690519858
1933.2520931038	-0.1520313070
1933.3354264371	0.0479023941
1933.4187597705	0.1348237246
1933.5020931038	0.1435638182
1933.5854264371	0.0647150884
1933.6687597705	-0.3034920361
1933.7520931038	-0.4160646265
1933.8354264371	-0.6040153174
1933.9187597705	-0.6220452283
1934.0020931038	-0.1178143647
1934.0854264371	0.0963822019
1934.1687597704	-0.2473791129
1934.2520931038	-0.0102441910
1934.3354264371	-0.0864637956
1934.4187597704	-0.4215219470
1934.5020931038	0.6925625976
1934.5854264371	1.0743151668
1934.6687597704	0.2199013280
1934.7520931038	-0.3155714399
1934.8354264371	-0.1896392873
1934.9187597704	-0.1946978101
1935.0020931038	-0.0091485317
1935.0854264371	-0.2068401556
1935.1687597704	-0.6627082690
1935.2520931038	0.1861871077
1935.3354264371	0.4151845135
1935.4187597704	0.1342651915
1935.5020931038	0.0956752691
1935.5854264371	-0.2096105663
1935.6687597704	-0.6647134098
1935.7520931038	-0.2996448468
1935.8354264371	0.3240658927
1935.9187597704	0.4597869324
1936.0020931038	0.2719913721
1936.0854264371	0.1404751845
1936.1687597704	-0.1322101229
1936.2520931038	-0.4063961706
1936.3354264371	-0.1202694786
1936.4187597704	0.0082201695
1936.5020931038	0.0492470513
1936.5854264371	0.1036056317
1936.6687597704	-0.0686855137
1936.7520931038	0.5265217327
1936.8354264371	0.4708524993
1936.9187597704	-0.4905256836
1937.0020931038	-0.0393828824
1937.0854264371	0.0783728502
1937.1687597704	-0.4394244173
1937.2520931038	0.1249967810
1937.3354264371	0.1361324039
1937.4187597704	0.1877783582
1937.5020931038	0.2204401328
1937.5854264371	0.0317317338
1937.6687597704	0.2349884955
1937.7520931038	0.2529579907
1937.8354264371	-0.1996553347
1937.9187597704	-0.6677881985
1938.0020931038	-0.6215513156
1938.0854264371	-0.0262794489
1938.1687597704	0.0940227553
1938.2520931038	-0.5989009836
1938.3354264371	-0.9633850023
1938.4187597704	-1.1400268900
1938.5020931038	-1.0630340537
1938.5854264371	-0.6956123273
1938.6687597704	-0.6133784428
1938.7520931038	-0.4770805419
1938.8354264371	-0.6351083743
1938.9187597704	-1.2948252506
1939.0020931038	-1.1063995277
1939.0854264371	-0.7484315586
1939.1687597704	-0.6949028684
1939.2520931038	-0.1859749185
1939.3354264371	0.1291508578
1939.4187597704	-0.1356375387
1939.5020931038	-0.2922340083
1939.5854264371	0.4115880172
1939.6687597704	1.1256726667
1939.7520931038	0.9879678929
1939.8354264371	0.9794383099
1939.9187597704	0.5976984430
1940.0020931038	0.1622117253
1940.0854264371	0.7779237246
1940.1687597704	0.9521718665
1940.2520931038	0.8898472718
1940.3354264371	1.2282535427
1940.4187597704	1.4071366767
1940.5020931038	1.4271423599
1940.5854264371	1.6337247082
1940.6687597704	1.9010345175
1940.7520931038	1.4161732914
1940.8354264371	1.4624549615
1940.9187597704	1.7439999463
1941.0020931038	1.7108270569
1941.0854264371	1.6979433578
1941.1687597704	1.0075245556
1941.2520931038	0.6160663051
1941.3354264371	0.7324101456
1941.4187597704	1.5104253330
1941.5020931038	1.8120942013
1941.5854264371	1.2235614921
1941.6687597704	1.1598602405
1941.7520931038	1.1961725389
1941.8354264371	0.9236838970
1941.9187597704	1.3962279189
1942.0020931038	1.0330299253
1942.0854264371	0.5600971935
1942.1687597704	0.6660124489
1942.2520931038	-0.0125440694
1942.3354264371	-0.5018672124
1942.4187597704	-0.1131328020
1942.5020931038	-0.0243933559
1942.5854264371	-0.5018206417
1942.6687597704	-0.7377417041
1942.7520931038	-0.2877360971
1942.8354264371	-0.4097711326
1942.9187597704	-0.8399992000
1943.0020931038	-0.8682707923
1943.0854264371	-0.6767350290
1943.1687597704	-0.4502228318
1943.2520931038	-0.4648563740
1943.3354264371	0.2311266301
1943.4187597704	0.2597886109
1943.5020931038	-0.3413397740
1943.5854264371	-0.5406458386
1943.6687597704	-0.6353608508
1943.7520931038	-0.4668942405
1943.8354264371	0.2820605993
1943.9187597704	0.8739239308
1944.0020931038	0.4372511485
1944.0854264371	-0.1724248691
1944.1687597704	0.1180559224
1944.2520931038	0.3651012887
1944.3354264371	0.3576061017
1944.4187597704	0.6758049882
1944.5020931038	0.5312705467
1944.5854264371	0.0840700498
1944.6687597704	0.3761265682
1944.7520931038	0.6624599971
1944.8354264371	0.0373278138
1944.9187597704	-0.3719422753
1945.0020931038	-0.3068451912
1945.0854264371	-0.8043411020
1945.1687597704	-0.3607324967
1945.2520931038	0.3568983214
1945.3354264371	-0.1475048749
1945.4187597704	-0.2045264322
1945.5020931038	-0.3128379595
1945.5854264371	-0.5915659629
1945.6687597704	-0.2181711965
1945.7520931038	0.2614058729
1945.8354264371	0.0339591351
1945.9187597704	-0.0814501649
1946.0020931038	-0.1051109766
1946.0854264371	0.0096399349
1946.1687597704	0.6383098774
1946.2520931038	0.7089434734
1946.3354264371	0.7284258754
1946.4187597704	0.8242382253
1946.5020931038	0.7286431001
1946.5854264371	0.8607869242
1946.6687597704	1.1599126944
1946.7520931038	0.7388562440
1946.8354264371	0.3892144781
1946.9187597704	0.6269603869
1947.0020931038	0.5892610488
1947.0854264371	-0.1968417104
1947.1687597704	-0.2754418732
1947.2520931038	0.6437189487
1947.3354264371	0.5620281786
1947.4187597704	-0.1385123047
1947.5020931038	-0.4724739659
1947.5854264371	-0.6972467914
1947.6687597704	-0.3209848208
1947.7520931038	-0.1682804327
1947.8354264371	-0.4981932033
1947.9187597704	0.0568190251
1948.0020931038	0.4632298717
1948.0854264371	0.3604359756
1948.1687597704	0.1041893286
1948.2520931038	-0.2149379201
1948.3354264371	0.0875921805
1948.4187597704	0.1351469831
1948.5020931038	0.0215814102
1948.5854264371	0.3685940509
1948.6687597704	0.1167971707
1948.7520931038	-0.4007740792
1948.8354264371	0.0401509734
1948.9187597704	0.7446162639
1949.0020931038	0.3280724007
1949.0854264371	-0.4649134325
1949.1687597704	-0.2448309625
1949.2520931038	0.2358996556
1949.3354264371	0.6192945457
1949.4187597704	0.5880283086
1949.5020931038	0.3708629872
1949.5854264371	0.2193583185
1949.6687597704	-0.3032903349
1949.7520931038	-0.0004499731
1949.8354264371	-0.2570484163
1949.9187597704	-0.9216410998
1950.0020931038	-1.2712433043
1950.0854264371	-1.5783246010
1950.1687597704	-1.2493934940
1950.2520931038	-0.9164835525
1950.3354264371	-1.0914213202
1950.4187597704	-1.4367520786
1950.5020931038	-1.0467832495
1950.5854264371	-0.6171032272
1950.6687597704	-0.8319928982
1950.7520931038	-1.2264975213
1950.8354264371	-1.7723700107
1950.9187597704	-1.7947787849
1951.0020931038	-0.9827475254
1951.0854264371	-0.2484186661
1951.1687597704	0.3292472513
1951.2520931038	0.5981466326
1951.3354264371	0.3547975131
1951.4187597704	0.3541328414
1951.5020931038	0.7499029303
1951.5854264371	0.7187221677
1951.6687597704	0.9453118778
1951.7520931038	0.9092864602
1951.8354264371	0.9137035014
1951.9187597704	0.9297051862
1952.0020931038	0.8121750712
1952.0854264371	0.5434300944
1952.1687597704	0.4180869695
1952.2520931038	0.0435982224
1952.3354264371	-0.3642823174
1952.4187597704	-0.1715292325
1952.5020931038	0.0236641688
1952.5854264371	0.2061806244
1952.6687597704	-0.0477359446
1952.7520931038	-0.2684071472
1952.8354264371	0.4694569618
1952.9187597704	0.6698646739
1953.0020931038	0.4358979770
1953.0854264371	0.7171325958
1953.1687597704	0.2735843011
1953.2520931038	0.8543760776
1953.3354264371	1.0842457396
1953.4187597704	0.3290137769
1953.5020931038	0.7742551512
1953.5854264371	1.1671751331
1953.6687597704	0.6953217944
1953.7520931038	0.3042014950
1953.8354264371	0.5353608508
1953.9187597704	-0.0345876191
1954.0020931038	-0.0625531384
1954.0854264371	0.4646995648
1954.1687597704	-0.2249951025
1954.2520931038	-0.5838993957
1954.3354264371	-0.1264794716
1954.4187597704	-0.0342479894
1954.5020931038	-0.4695794717
1954.5854264371	-0.4091313296
1954.6687597704	-0.0575473646
1954.7520931038	0.0366443663
1954.8354264371	-0.4651141813
1954.9187597704	-0.0360476554
1955.0020931038	-0.3439654371
1955.0854264371	-1.0702932402
1955.1687597704	-0.0935426876
1955.2520931038	-0.4180697674
1955.3354264371	-0.9900489730
1955.4187597704	-1.1227685322
1955.5020931038	-1.1528364334
1955.5854264371	-1.0987164845
1955.6687597704	-1.1839647420
1955.7520931038	-1.1495599435
1955.8354264371	-0.7801020291
1955.9187597704	-0.8216149834
1956.0020931038	-1.2648840640
1956.0854264371	-1.0220762754
1956.1687597704	-0.7105838207
1956.2520931038	-1.0173464634
1956.3354264371	-1.0376020971
1956.4187597704	-0.9064255392
1956.5020931038	-0.9647289334
1956.5854264371	-0.5277629871
1956.6687597704	-0.7181464326
1956.7520931038	-0.6814518435
1956.8354264371	-0.5508245783
1956.9187597704	-0.6781694704
1957.0020931038	0.0012621087
1957.0854264371	0.2870550543
1957.1687597704	0.1839957891
1957.2520931038	0.4879783808
1957.3354264371	0.6000620942
1957.4187597704	0.1002017012
1957.5020931038	0.3702734071
1957.5854264371	0.8588447251
1957.6687597704	0.6704018001
1957.7520931038	0.6894438693
1957.8354264371	0.7244416051
1957.9187597704	1.1664409103
1958.0020931038	1.3780340680
1958.0854264371	0.5641607600
1958.1687597704	0.0916419021
1958.2520931038	0.1104726297
1958.3354264371	0.1715309111
1958.4187597704	-0.1947599043
1958.5020931038	-0.4466541304
1958.5854264371	-0.2875343959
1958.6687597704	-0.0419880912
1958.7520931038	0.1314247248
1958.8354264371	0.6244088795
1958.9187597704	0.7172541531
1959.0020931038	1.1884764982
1959.0854264371	0.6017972613
1959.1687597704	-0.4530381346
1959.2520931038	-0.2869137687
1959.3354264371	0.0584257991
1959.4187597704	0.4759773209
1959.5020931038	0.4767023034
1959.5854264371	0.2395501794
1959.6687597704	-0.0997982988
1959.7520931038	-0.5050816081
1959.8354264371	-0.8346513919
1959.9187597704	-0.3938521012
1960.0020931038	0.1564793954
1960.0854264371	-0.0784625294
1960.1687597704	-0.5083891450
1960.2520931038	-0.5488798531
1960.3354264371	-0.1313921041
1960.4187597704	-0.0240210006
1960.5020931038	-0.3058082691
1960.5854264371	-0.5652253722
1960.6687597704	-0.3818632077
1960.7520931038	-0.0853836599
1960.8354264371	-0.3653330846
1960.9187597704	0.0282518641
1961.0020931038	0.0904540540
1961.0854264371	0.8483602241
1961.1687597704	0.9163531858
1961.2520931038	-0.2182005650
1961.3354264371	0.1504694251
1961.4187597704	0.1922142801
1961.5020931038	0.1809037984
1961.5854264371	0.1749110302
1961.6687597704	0.1547786325
1961.7520931038	0.0860240153
1961.8354264371	-0.5832992227
1961.9187597704	-1.2844276076
1962.0020931038	-0.4552378459
1962.0854264371	0.6135483709
1962.1687597704	0.3527106713
1962.2520931038	-0.3088658556
1962.3354264371	-0.6288292778
1962.4187597704	-0.2671097867
1962.5020931038	-0.0252864664
1962.5854264371	-0.2358434446
1962.6687597704	-0.6342635130
1962.7520931038	-0.5448645358
1962.8354264371	-0.1807192993
1962.9187597704	-0.3518434508
1963.0020931038	-0.2131956222
1963.0854264371	-0.1368648432
1963.1687597704	-0.6053143564
1963.2520931038	-0.4548898234
1963.3354264371	0.2706147153
1963.4187597704	0.6277474635
1963.5020931038	0.2883343651
1963.5854264371	0.3992439704
1963.6687597704	1.0222280488
1963.7520931038	1.2642056521
1963.8354264371	1.2211772817
1963.9187597704	1.0228658781
1964.0020931038	0.5153706911
1964.0854264371	-0.0481988103
1964.1687597704	-0.5773668702
1964.2520931038	-0.3936546047
1964.3354264371	-0.2513805852
1964.4187597704	-0.4366443663
1964.5020931038	-0.6790168578
1964.5854264371	-1.0650098260
1964.6687597704	-1.1444766569
1964.7520931038	-0.6756867880
1964.8354264371	0.0252441004
1964.9187597704	0.3764712336
1965.0020931038	0.0635434899
1965.0854264371	-0.2818304821
1965.1687597704	0.3469937601
1965.2520931038	0.5869913864
1965.3354264371	0.5961968718
1965.4187597704	1.5667185507
1965.5020931038	1.5456360889
1965.5854264371	1.1222297274
1965.6687597704	1.2470575328
1965.7520931038	1.3745369963
1965.8354264371	0.6687199179
1965.9187597704	0.5228460450
1966.0020931038	0.9022118777
1966.0854264371	0.8602325959
1966.1687597704	0.8812795108
1966.2520931038	0.6086046913
1966.3354264371	0.5713423288
1966.4187597704	0.2179024703
1966.5020931038	-0.0340324432
1966.5854264371	0.0058221141
1966.6687597704	0.3052988328
1966.7520931038	0.2778151647
1966.8354264371	0.2633694787
1966.9187597704	-0.4576483628
1967.0020931038	-1.2513373717
1967.0854264371	-0.8273008475
1967.1687597704	0.0033180249
1967.2520931038	0.3703665484
1967.3354264371	0.0308222522
1967.4187597704	-0.0608238545
1967.5020931038	-0.0913936302
1967.5854264371	-0.1376028231
1967.6687597704	0.0368401843
1967.7520931038	0.2844880233
1967.8354264371	0.5059789232
1967.9187597704	-0.1058833773
1968.0020931038	-0.9379824142
1968.0854264371	-0.2738325730
1968.1687597704	0.3778151647
1968.2520931038	-0.4059755661
1968.3354264371	-0.7945460366
1968.4187597704	-0.4201780159
1968.5020931038	-0.1306067060
1968.5854264371	0.1797770920
1968.6687597704	0.2788814554
1968.7520931038	0.4448473337
1968.8354264371	0.2949632840
1968.9187597704	0.4384460059
1969.0020931038	0.7455961275
1969.0854264371	0.4384570462
1969.1687597704	0.5740275600
1969.2520931038	0.5783694931
1969.3354264371	0.2690423454
1969.4187597704	0.4200350518
1969.5020931038	0.5921987565
1969.5854264371	0.5788168351
1969.6687597704	0.8001102385
1969.7520931038	0.6268224584
1969.8354264371	-0.0272974904
1969.9187597704	0.5263829732
1970.0020931038	1.2630436940
1970.0854264371	0.5308100858
1970.1687597704	0.1395174537
1970.2520931038	0.1060410174
1970.3354264371	-0.3593680064
1970.4187597704	0.0373210996
1970.5020931038	0.1796391635
1970.5854264371	-0.7788936219
1970.6687597704	-1.1815382706
1970.7520931037	-1.1932902111
1970.8354264371	-1.5366133192
1970.9187597704	-1.0440016248
1971.0020931037	-0.9340290861
1971.0854264371	-1.6158490803
1971.1687597704	-1.4739549779
1971.2520931037	-0.9799959953
1971.3354264371	-0.2118199179
1971.4187597704	0.0278983894
1971.5020931037	-0.5509616592
1971.5854264371	-1.1200056832
1971.6687597704	-1.2584430012
1971.7520931037	-0.8519424753
1971.8354264371	-0.4536398811
1971.9187597704	-0.4228444714
1972.0020931037	-0.5941900524
1972.0854264371	-0.5853397203
1972.1687597704	0.1480772529
1972.2520931037	1.2718156823
1972.3354264371	1.3866051861
1972.4187597704	1.0409070030
1972.5020931037	1.1421016868
1972.5854264371	1.1566794180
1972.6687597704	1.3541942095
1972.7520931037	0.9600490492
1972.8354264371	1.0840218006
1972.9187597704	1.1147078029
1973.0020931037	1.1127554110
1973.0854264371	0.7438016021
1973.1687597704	-0.1206401554
1973.2520931037	-0.0885343877
1973.3354264371	-0.4952718666
1973.4187597704	-0.6271889305
1973.5020931037	-0.6535442137
1973.5854264371	-0.9236503238
1973.6687597704	-0.7327858581
1973.7520931037	-1.4866621397
1973.8354264371	-1.9217055986
1973.9187597704	-1.7021170579
1974.0020931037	-1.9297404379
1974.0854264371	-1.7544864210
1974.1687597704	-1.2326617746
1974.2520931037	-0.5529579907
1974.3354264371	-0.2427817772
1974.4187597704	-0.3396234875
1974.5020931037	-0.5661088424
1974.5854264371	-0.6915936529
1974.6687597704	-0.8650563966
1974.7520931037	-0.4616893965
1974.8354264371	-0.2660556624
1974.9187597704	0.0341271581
1975.0020931037	0.1658321544
1975.0854264371	-0.5272370748
1975.1687597704	-0.9854638037
1975.2520931037	-0.7596318018
1975.3354264371	-0.6402424362
1975.4187597704	-1.1498504764
1975.5020931037	-1.4475065534
1975.5854264371	-1.6066883821
1975.6687597704	-1.6227899389
1975.7520931037	-1.1907307419
1975.8354264371	-1.3422043635
1975.9187597704	-1.4779874974
1976.0020931037	-1.1553526890
1976.0854264371	-1.2390096960
1976.1687597704	-0.6190031652
1976.2520931037	0.1623971769
1976.3354264371	0.1885948034
1976.4187597704	0.5775807378
1976.5020931037	1.1002155462
1976.5854264371	1.1109519713
1976.6687597704	0.3657847362
1976.7520931037	-0.4949305584
1976.8354264371	-0.2961252422
1976.9187597704	0.1714688169
1977.0020931037	-0.2679219223
1977.0854264371	0.0111942551
1977.1687597704	0.6613488143
1977.2520931037	0.4828225121
1977.3354264371	0.8786487071
1977.4187597704	1.1431482493
1977.5020931037	1.0597265167
1977.5854264371	0.9326290489
1977.6687597704	1.0597697303
1977.7520931037	1.2887360890
1977.8354264371	1.1422526127
1977.9187597704	0.9429051346
1978.0020931037	1.7449596507
1978.0854264371	1.9008886273
1978.1687597704	0.8250546705
1978.2520931037	-0.2988527344
1978.3354264371	-0.8806287890
1978.4187597704	-0.6055747947
1978.5020931037	-0.4709699735
1978.5854264371	-0.1838389800
1978.6687597704	0.1389140286
1978.7520931037	0.3065685033
1978.8354264371	0.1796064379
1978.9187597704	0.2307265848
1979.0020931037	0.0175557264
1979.0854264371	0.0650488349
1979.1687597704	0.3837940879
1979.2520931037	0.1299266156
1979.3354264371	-0.0886463048
1979.4187597704	-0.6467782139
1979.5020931037	-0.3689509876
1979.5854264371	0.2253527652
1979.6687597704	0.0928771683
1979.7520931037	0.3978053244
1979.8354264371	0.6870688993
1979.9187597704	0.3446955602
1980.0020931037	-0.1506572813
1980.0854264371	0.2645573268
1980.1687597704	0.6141231535
1980.2520931037	0.4621228936
1980.3354264371	0.2815994123
1980.4187597704	0.2830691055
1980.5020931037	0.2470575328
1980.5854264371	0.3887499340
1980.6687597704	0.3676036994
1980.7520931037	0.2817700664
1980.8354264371	0.2746799604
1980.9187597704	-0.1519529632
1981.0020931037	-0.1135949415
1981.0854264371	1.0538683199
1981.1687597704	1.1700621704
1981.2520931037	-0.0420181858
1981.3354264371	-0.6484315586
1981.4187597704	-0.7599575865
1981.5020931037	-0.5009422072
1981.5854264371	-0.2990888399
1981.6687597704	0.0895696314
1981.7520931037	0.2162231142
1981.8354264371	-0.1549803337
1981.9187597704	-0.4253811813
1982.0020931037	-0.2467694045
1982.0854264371	0.1060548624
1982.1687597704	0.1477514682
1982.2520931037	0.4738120138
1982.3354264371	1.0058359591
1982.4187597704	1.4878094053
1982.5020931037	1.7877938817
1982.5854264371	1.8741860477
1982.6687597704	1.7696105188
1982.7520931037	2.1218263249
1982.8354264371	2.3111087805
1982.9187597704	2.7624255929
1983.0020931037	3.5686838351
1983.0854264371	3.2275629644
1983.1687597704	1.8508778632
1983.2520931037	0.4822552913
1983.3354264371	0.2383237224
1983.4187597704	0.7275734523
1983.5020931037	0.7786496596
1983.5854264371	0.0542718272
1983.6687597704	-0.3438635914
1983.7520931037	0.1226159277
1983.8354264371	0.4288880149
1983.9187597704	0.3287173608
1984.0020931037	-0.2096105663
1984.0854264371	-0.0093796015
1984.1687597704	0.4261268445
1984.2520931037	0.0978657400
1984.3354264371	0.3806865736
1984.4187597704	0.4297559615
1984.5020931037	-0.0134724317
1984.5854264371	-0.1271578834
1984.6687597704	0.2191083681
1984.7520931037	0.3219391945
1984.8354264371	-0.1909979110
1984.9187597704	0.0800466657
1985.0020931037	-0.0907910526
1985.0854264371	-0.7141224274
1985.1687597704	-0.8305069554
1985.2520931037	-0.8786651831
1985.3354264371	-0.0174412833
1985.4187597704	0.4996628964
1985.5020931037	-0.0046488371
1985.5854264371	-0.2874584567
1985.6687597704	0.1420043408
1985.7520931037	0.2584291562
1985.8354264371	0.0541044253
1985.9187597704	-0.4610066751
1986.0020931037	-0.0010861238
1986.0854264371	0.6902271889
1986.1687597704	0.1381253783
1986.2520931037	0.2030886337
1986.3354264371	-0.1214720193
1986.4187597704	-0.4312059264
1986.5020931037	0.1179325649
1986.5854264371	0.3609496165
1986.6687597704	0.1150042190
1986.7520931037	0.3957443726
1986.8354264371	1.3653960263
1986.9187597704	1.2758687610
1987.0020931037	1.0478575020
1987.0854264371	1.7133491958
1987.1687597704	1.9121546169
1987.2520931037	1.5678192456
1987.3354264371	1.3247631851
1987.4187597704	1.3621056915
1987.5020931037	1.4497910132
1987.5854264371	1.2468868787
1987.6687597704	0.8616247762
1987.7520931037	0.3537631171
1987.8354264371	0.3260294985
1987.9187597704	0.5718542912
1988.0020931037	0.5800039571
1988.0854264371	0.1626478533
1988.1687597704	0.0065513012
1988.2520931037	-0.0944373717
1988.3354264371	0.0610809357
1988.4187597704	0.0591844597
1988.5020931037	-0.6651020148
1988.5854264371	-1.1472582816
1988.6687597704	-1.3874584567
1988.7520931037	-1.3087417722
1988.8354264371	-1.1808761084
1988.9187597704	-1.0440283623
1989.0020931037	-0.8287059204
1989.0854264371	-0.4345322391
1989.1687597704	-0.8810278819
1989.2520931037	-1.1665218851
1989.3354264371	-0.5158213903
1989.4187597704	-0.3738928837
1989.5020931037	-0.0377605847
1989.5854264371	0.1419620798
1989.6687597704	-0.4648391719
1989.7520931037	-0.1853103517
1989.8354264371	0.5420983297
1989.9187597704	0.6285173381
1990.0020931037	1.3579578979
1990.0854264371	1.6908532518
1990.1687597704	0.5237321462
1990.2520931037	-0.3297982225
1990.3354264371	-0.3872739576
1990.4187597704	-0.0864809977
1990.5020931037	0.1715862911
1990.5854264371	0.7397640470
1990.6687597704	0.4740464407
1990.7520931037	0.2722974286
1990.8354264371	0.4375261579
1990.9187597704	0.0481565492
1991.0020931037	-0.1174755826
1991.0854264371	0.7083857879
1991.1687597704	1.0632609188
1991.2520931037	1.0023636512
1991.3354264371	0.9722241204
1991.4187597704	0.4517995112
1991.5020931037	0.5840079556
1991.5854264371	1.1449982596
1991.6687597704	1.1864981998
1991.7520931037	0.9331720584
1991.8354264371	1.2363918897
1991.9187597704	2.3147370665
1992.0020931037	2.1529761453
1992.0854264371	1.8424337547
1992.1687597704	1.9460239678
1992.2520931037	0.6722257990
1992.3354264371	0.3485669609
1992.4187597704	0.8962182785
1992.5020931037	0.6010336700
1992.5854264371	-0.0863594403
1992.6687597704	0.4747066979
1992.7520931037	0.9905194004
1992.8354264371	0.5985164618
1992.9187597704	0.6472893287
1993.0020931037	0.7620427497
1993.0854264371	1.0379304079
1993.1687597704	1.4655126530
1993.2520931037	1.1604214046
1993.3354264371	1.0129881593
1993.4187597704	1.0503004495
1993.5020931037	1.1998612405
1993.5854264371	1.2509642903
1993.6687597704	1.0734396585
1993.7520931037	0.7428732399
1993.8354264371	0.0402596383
1993.9187597704	0.0930633460
1994.0020931037	0.1980225491
1994.0854264371	0.6941728503
1994.1687597704	1.3814581267
1994.2520931037	1.1519563203
1994.3354264371	0.7998293459
1994.4187597704	1.0280069494
1994.5020931037	1.5299094135
1994.5854264371	1.5998742380
1994.6687597704	1.3828984513
1994.7520931037	1.0137207035
1994.8354264371	1.0971235555
1994.9187597704	1.0427164308
1995.0020931037	0.6390545881
1995.0854264371	0.2605584855
1995.1687597704	0.2163102673
1995.2520931037	0.6276715243
1995.3354264371	0.4741860477
1995.4187597704	0.0789280261
1995.5020931037	-0.0038014497
1995.5854264371	0.0375865735
1995.6687597704	-0.0643314142
1995.7520931037	0.0436912587
1995.8354264371	0.2671692498
1995.9187597704	-0.0961167279
1996.0020931037	-0.3783598527
1996.0854264371	-0.2003215800
1996.1687597704	-0.4283809833
1996.2520931037	-0.0921064462
1996.3354264371	-0.0823586940
1996.4187597704	-0.4547845157
1996.5020931037	-0.3575473646
1996.5854264371	-0.5734438631
1996.6687597704	-0.6900800201
1996.7520931037	-0.2549053470
1996.8354264371	-0.4719880150
1996.9187597704	-0.4755885944
1997.0020931037	-0.6335866748
1997.0854264371	-0.2368976738
1997.1687597704	1.1214280797
1997.2520931037	1.2727259949
1997.3354264371	1.5501012744
1997.4187597704	1.4500237616
1997.5020931037	1.4566932630
1997.5854264371	1.8221841092
1997.6687597704	1.8256408936
1997.7520931037	1.7826805005
1997.8354264371	1.3726061161
1997.9187597704	1.6783962306
1998.0020931037	2.4652606240
1998.0854264371	2.6689107002
1998.1687597704	2.1672682744
1998.2520931037	0.8899169277
1998.3354264371	-0.1441834929
1998.4187597704	-0.5842569535
1998.5020931037	-0.6188651319
1998.5854264371	-0.6259552379
1998.6687597704	-0.8074486164
1998.7520931037	-0.9326428939
1998.8354264371	-1.1140561286
1998.9187597704	-1.3460662288
1999.0020931037	-0.9950907246
1999.0854264371	-0.6448024416
1999.1687597704	-0.8803158968
1999.2520931037	-0.3349331155
1999.3354264371	0.3112124097
1999.4187597704	0.0944538478
1999.5020931037	0.1319766486
1999.5854264371	0.2999191301
1999.6687597704	-0.1884429250
1999.7520931037	-0.6908548254
1999.8354264371	-0.9258139523
1999.9187597704	-0.6431205593
2000.0020931037	-0.5060245414
2000.0854264371	-0.6818681384
2000.1687597704	-0.6950269519
2000.2520931037	-0.3864998783
2000.3354264371	0.4080755268
2000.4187597704	0.5260915927
2000.5020931037	0.0133189796
2000.5854264371	-0.4294430693
2000.6687597704	-0.7633736834
2000.7520931037	-1.3787229678
2000.8354264371	-1.4621066439
2000.9187597704	-0.7132950468
2001.0020931037	-0.9802915805
2001.0854264371	-0.9427139047
2001.1687597704	-0.0347633089
2001.2520931037	0.4255045387
2001.3354264371	0.4363047366
2001.4187597704	0.2081874438
2001.5020931037	0.5744921042
2001.5854264371	0.3135206809
2001.6687597704	-0.0836725306
2001.7520931037	-0.2457232420
2001.8354264371	0.1192282469
2001.9187597704	0.4277827153
2002.0020931037	-0.1692586177
2002.0854264371	0.2565054068
2002.1687597704	0.7000914627
2002.2520931037	0.6958106714
2002.3354264371	0.8295542603
2002.4187597704	0.7825890377
2002.5020931037	1.0750758011
2002.5854264371	0.9663554357
2002.6687597704	0.5407984431
2002.7520931037	0.5127474492
2002.8354264371	0.9980347156
2002.9187597704	0.8933581885
2003.0020931037	0.5516883202
2003.0854264371	0.7712059740
2003.1687597704	0.7157430465
2003.2520931037	0.5331972223
2003.3354264371	0.6622721409
2003.4187597704	0.4676544747
2003.5020931037	0.1785384686
2003.5854264371	0.2142284612
2003.6687597704	0.0925064915
2003.7520931037	0.2325824783
2003.8354264371	-0.2462041573
2003.9187597704	0.1669176209
2004.0020931037	0.3841103372
2004.0854264371	-0.3909366478
2004.1687597704	0.4756980019
2004.2520931037	0.2645968881
2004.3354264371	0.3706717738
2004.4187597704	1.0951943538
2004.5020931037	0.7182593021
2004.5854264371	0.6279474862
2004.6687597704	0.4474256835
2004.7520931037	0.4773962387
2004.8354264371	0.6216124573
2004.9187597704	0.2553896193
2005.0020931037	1.4072954594
2005.0854264371	1.7837593886
2005.1687597704	0.7547158122
2005.2520931037	1.0556286509
2005.3354264371	0.4940538024
2005.4187597704	0.0083891450
2005.5020931037	0.4109347692
2005.5854264371	0.2530847052
2005.6687597704	-0.5350987339
2005.7520931037	-0.4049944549
2005.8354264371	0.1387786263
2005.9187597704	-0.5773324660
2006.0020931037	-0.5433843547
2006.0854264371	-0.3583637049
2006.1687597704	-1.0987966284
2006.2520931037	-0.1372486224
2006.3354264371	0.7771195508
2006.4187597704	0.8488936981
2006.5020931037	1.2262899368
2006.5854264371	1.1633255391
2006.6687597704	1.2011543964
2006.7520931037	0.9959856351
2006.8354264371	0.5022827813
2006.9187597704	0.7195075658
2007.0020931037	0.6045755289
2007.0854264371	0.3787108013
2007.1687597704	0.4450335113
2007.2520931037	0.5396089165
2007.3354264371	0.0803486225
2007.4187597704	0.1773987648
2007.5020931037	0.4722534889
2007.5854264370	-0.0054245949
2007.6687597704	-0.3544708974
2007.7520931037	-0.6506556027
2007.8354264370	-1.0854130284
2007.9187597704	-1.4048971089
2008.0020931037	-1.7206996186
2008.0854264370	-1.1891901452
2008.1687597704	-0.2242758817
2008.2520931037	0.2002587598
2008.3354264370	0.3329205343
2008.4187597704	0.0991786241
2008.5020931037	-0.0231726607
2008.5854264370	-0.5045745764
2008.6687597704	-0.7346693200
2008.7520931037	-0.7827620965
2008.8354264370	-1.0341892523
2008.9187597704	-0.8946717986
2009.0020931037	-1.0250579227
2009.0854264370	-0.5191306058
2009.1687597704	0.0174102362
2009.2520931037	-0.1372045778
2009.3354264370	0.2063512785
2009.4187597704	0.1770901822
2009.5020931037	0.2409674187
2009.5854264370	0.0395363344
2009.6687597704	0.3587163321
2009.7520931037	0.8455152576
2009.8354264370	0.6261863076
2009.9187597704	0.7332289954
2010.0020931037	1.1374036480
2010.0854264370	1.4025825545
2010.1687597704	0.3478970634
2010.2520931037	-0.6196236875
2010.3354264370	-0.2147395760
2010.4187597704	-0.4342470370
2010.5020931037	-1.1259413929
2010.5854264370	-1.4104277376
2010.6687597704	-1.5772020993
2010.7520931037	-1.1116182167
2010.8354264370	-1.6450464038
2010.9187597704	-2.1329384625
2011.0020931037	-1.8641908547
2011.0854264370	-1.8210598075
2011.1687597704	-1.4248751022
2011.2520931037	-0.5170616922
2011.3354264370	0.3165112425
2011.4187597704	0.0180136613
2011.5020931037	-0.0877074546
2011.5854264370	-0.0927072403
2011.6687597704	-0.4540146411
2011.7520931037	-0.5498366314
2011.8354264370	-1.4059151505
2011.9187597704	-1.4676070565
2012.0020931037	-0.2957552914
2012.0854264370	-0.1413439787
2012.1687597704	0.1178135337
2012.2520931037	0.4687459293
2012.3354264370	0.5140250815
2012.4187597704	0.4929254175
2012.5020931037	0.4430094898
2012.5854264370	0.3680519939
2012.6687597704	-0.0332936158
2012.7520931037	0.0277457850
2012.8354264370	0.3325921186
2012.9187597704	0.3271146699
2013.0020931037	0.2972354725
2013.0854264370	-0.0333962925
2013.1687597704	-0.3154687632
2013.2520931037	-0.1571284386
2013.3354264370	-0.6285810059
2013.4187597704	-0.6705078339
2013.5020931037	-0.1233148987
2013.5854264370	-0.0150775272
2013.6687597704	-0.0548604549
2013.7520931037	-0.2242210232
2013.8354264370	-0.2776306656
2013.9187597704	-0.5026541841
2014.0020931037	-0.5899014042
2014.0854264370	0.7343565494
2014.1687597704	0.5066633232
2014.2520931037	-0.2467635213
2014.3354264370	0.1086004866
2014.4187597704	0.3621505835
2014.5020931037	0.8880387965
2014.5854264370	1.0447232502
2014.6687597704	0.8171619643
2014.7520931037	0.9031196808
2014.8354264370	0.7602963686
2014.9187597704	0.6177816390
2015.0020931037	0.5893298737
2015.0854264370	0.8368385057
2015.1687597704	0.8877205736
2015.2520931037	0.8611119828
2015.3354264370	1.0754947271
2015.4187597704	1.1843803109
2015.5020931037	1.6474240050
2015.5854264370	1.7315766032
2015.6687597704	1.9028257907
2015.7520931037	1.4234667771
2015.8354264370	0.5012344187
2015.9187597704	1.4788495773
2016.0020931037	2.4015707962
2016.0854264370	1.5418560460
2016.1687597704	1.1337343485
2016.2520931037	0.6350581514
2016.3354264370	-0.1726559389
2016.4187597704	-0.1491426960
2016.5020931037	-0.1768280654
2016.5854264370	-0.6440266838
2016.6687597704	-0.4112061264
2016.7520931037	0.2163627212
2016.8354264370	-0.0486471048
2016.9187597704	-0.1909307646
2017.0020931037	0.1708474636
2017.0854264370	0.1135500494
2017.1687597704	0.0520745206
2017.2520931037	0.2876740029
2017.3354264370	0.5300897080
2017.4187597704	0.3232692806
2017.5020931037	-0.1343615850
2017.5854264370	-0.1255828825
2017.6687597704	-0.5329393101
2017.7520931037	-0.4182765042
