offs    0.00000000000
bg      0.00000000000
impA    0.95663242095
impB   -0.00000731238
impC    2.96974360484
delA   -9.01970149623
delB    0.25000000000
asym    0.00000000000
ann1    0.00000000000
ann2    0.00000000000
sem1    0.00000000000
sem2    0.00000000000
year    0.00000000000
IR      0.00000000000
ma     -0.00935885327
mp      0.00046225631
shfT    0.00000000000
init   -0.00000000000
   9.10846048930   0.00628571270  -1.49341145870
  29.53064675082   0.00194524465   2.81783656273
  27.09261953873   0.00331505705   2.17720012839
   6.82354927062   0.00870600705  -2.71632911764
   6.85248206692   0.02307658376   2.65386243823
  13.60611041000   0.01657105704  -0.21310298819
  13.66081618500   0.31263075142  -2.23746929269
3397.64080307470   0.00177023409   0.31115551526
   9.12068594402   0.03838473512  -2.39081880302
  13.77727494000   0.01440351150   1.10026649773
6795.28160614939   0.00145939832  -2.77668751368
  27.55454988000   0.08233658683   2.16164276524
  27.66673720859   0.00599829591  -2.52401471661
  27.44326870576   0.00708278303   0.25801562030
1616.09851046018   0.00251572350   2.95163296891
   6.85939920631   0.01676185402   2.00652621160
   6.83040809250   0.00610241163  -4.83728327142
   9.55687883174   0.02191275232   2.40544519130
   9.13294426107   0.08999853803   3.21605395670
  27.32163237000   0.00299927227   2.37435191332
  27.21222082000   0.00321127447   0.63201076215
   9.18484996000   0.00470786974  -0.00159787248
  14.76532337541   0.02775341855   0.53495957489
  31.81207552278   0.01498623665   1.39542115930
   9.06950090247   0.00000000000  -0.00000000480
  13.63340841926   0.12782786330  -1.28119857310
  26.98503088862   0.00330673039   2.03838606440
ltep  -18.24084718442
ltep   57.43785297233
ltep   66.27485531579
ltep   84.71933220625
ltep    7.15758018294
ltep  138.70629509732
ltep 1165.28839181813
ltep   87.56067074144
ltep  142.06620158817
ltep  416.62195310871
ltep    0.50980775813
harm  41
harm  100
harm  94
harm  263
harm  0
