1880.00	0.0
1880.09	9.42E-03
1880.17	1.03E-02
1880.25	-6.38E-02
1880.34	-8.35E-02
1880.42	-2.06E-01
1880.50	-3.31E-01
1880.59	-1.44E-01
1880.67	2.15E-01
1880.75	2.27E-01
1880.84	-1.53E-01
1880.92	-4.17E-01
1881.00	-3.84E-01
1881.09	-1.52E-01
1881.17	1.42E-01
1881.25	1.86E-01
1881.34	-3.82E-02
1881.42	-3.47E-01
1881.50	-7.15E-01
1881.59	-1.01E+00
1881.67	-9.11E-01
1881.75	-4.76E-01
1881.84	-1.10E-01
1881.92	-1.45E-01
1882.00	-5.53E-01
1882.09	-7.92E-01
1882.17	-6.57E-01
1882.25	-2.77E-01
1882.34	1.49E-01
1882.42	3.17E-01
1882.50	2.61E-01
1882.59	1.96E-01
1882.67	2.54E-01
1882.75	4.58E-01
1882.84	6.71E-01
1882.92	8.48E-01
1883.00	1.02E+00
1883.09	1.12E+00
1883.17	1.16E+00
1883.25	1.09E+00
1883.34	7.73E-01
1883.42	3.50E-01
1883.50	9.37E-02
1883.59	4.99E-03
1883.67	-6.77E-02
1883.75	-2.15E-01
1883.84	-2.92E-01
1883.92	-2.31E-01
1884.00	-1.26E-01
1884.09	1.60E-01
1884.17	7.34E-01
1884.25	1.24E+00
1884.34	1.29E+00
1884.42	1.12E+00
1884.50	1.08E+00
1884.59	1.09E+00
1884.67	1.07E+00
1884.75	1.10E+00
1884.84	1.13E+00
1884.92	1.12E+00
1885.00	9.98E-01
1885.09	9.06E-01
1885.17	1.03E+00
1885.25	1.09E+00
1885.34	9.80E-01
1885.42	9.53E-01
1885.50	1.04E+00
1885.59	9.55E-01
1885.67	8.12E-01
1885.75	9.52E-01
1885.84	1.25E+00
1885.92	1.48E+00
1886.00	1.60E+00
1886.09	1.56E+00
1886.17	1.29E+00
1886.25	8.73E-01
1886.34	5.96E-01
1886.42	5.40E-01
1886.50	5.97E-01
1886.59	6.59E-01
1886.67	5.42E-01
1886.75	3.21E-01
1886.84	1.48E-01
1886.92	-8.05E-02
1887.00	-3.96E-01
1887.09	-5.91E-01
1887.17	-6.73E-01
1887.25	-9.15E-01
1887.34	-1.21E+00
1887.42	-1.19E+00
1887.50	-9.60E-01
1887.59	-9.64E-01
1887.67	-1.15E+00
1887.75	-1.14E+00
1887.84	-7.38E-01
1887.92	-9.79E-02
1888.00	4.12E-01
1888.09	7.13E-01
1888.17	8.97E-01
1888.25	9.74E-01
1888.34	7.86E-01
1888.42	4.25E-01
1888.50	4.25E-02
1888.59	-3.23E-01
1888.67	-2.80E-01
1888.75	1.23E-01
1888.84	4.32E-01
1888.92	4.84E-01
1889.00	2.25E-01
1889.09	-2.04E-01
1889.17	-6.00E-01
1889.25	-8.27E-01
1889.34	-8.37E-01
1889.42	-8.29E-01
1889.50	-9.37E-01
1889.59	-1.05E+00
1889.67	-9.72E-01
1889.75	-6.85E-01
1889.84	-4.03E-01
1889.92	-3.11E-01
1890.00	-4.47E-01
1890.09	-4.27E-01
1890.17	5.39E-02
1890.25	6.00E-01
1890.34	7.59E-01
1890.42	5.15E-01
1890.50	1.63E-01
1890.59	-6.55E-02
1890.67	-3.30E-01
1890.75	-6.02E-01
1890.84	-7.40E-01
1890.92	-8.83E-01
1891.00	-1.16E+00
1891.09	-1.46E+00
1891.17	-1.53E+00
1891.25	-1.35E+00
1891.34	-1.18E+00
1891.42	-1.18E+00
1891.50	-1.35E+00
1891.59	-1.44E+00
1891.67	-1.23E+00
1891.75	-8.53E-01
1891.84	-6.57E-01
1891.92	-8.71E-01
1892.00	-1.15E+00
1892.09	-1.09E+00
1892.17	-7.69E-01
1892.25	-4.95E-01
1892.34	-2.96E-01
1892.42	9.36E-03
1892.50	1.75E-01
1892.59	-1.88E-02
1892.67	-2.22E-01
1892.75	-2.02E-01
1892.84	-7.54E-02
1892.92	1.61E-02
1893.00	2.47E-01
1893.09	7.09E-01
1893.17	9.43E-01
1893.25	7.90E-01
1893.34	7.25E-01
1893.42	9.57E-01
1893.50	9.81E-01
1893.59	6.51E-01
1893.67	4.10E-01
1893.75	4.16E-01
1893.84	6.60E-01
1893.92	1.05E+00
1894.00	1.23E+00
1894.09	1.04E+00
1894.17	7.58E-01
1894.25	5.30E-01
1894.34	3.49E-01
1894.42	2.75E-01
1894.50	2.72E-01
1894.59	1.68E-01
1894.67	3.30E-02
1894.75	2.13E-02
1894.84	1.75E-01
1894.92	3.63E-01
1895.00	4.30E-01
1895.09	5.19E-01
1895.17	7.71E-01
1895.25	9.58E-01
1895.34	8.85E-01
1895.42	6.16E-01
1895.50	1.95E-01
1895.59	-1.74E-01
1895.67	-2.43E-01
1895.75	-2.07E-01
1895.84	-1.97E-01
1895.92	-6.03E-02
1896.00	2.67E-01
1896.09	6.69E-01
1896.17	8.64E-01
1896.25	8.83E-01
1896.34	9.55E-01
1896.42	8.98E-01
1896.50	7.45E-01
1896.59	8.71E-01
1896.67	1.15E+00
1896.75	1.22E+00
1896.84	1.03E+00
1896.92	7.81E-01
1897.00	6.02E-01
1897.09	3.84E-01
1897.17	2.08E-01
1897.25	2.29E-01
1897.34	2.33E-01
1897.42	2.64E-01
1897.50	3.79E-01
1897.59	4.47E-01
1897.67	4.84E-01
1897.75	5.33E-01
1897.84	6.68E-01
1897.92	8.07E-01
1898.00	7.79E-01
1898.09	7.22E-01
1898.17	8.23E-01
1898.25	9.54E-01
1898.34	8.53E-01
1898.42	4.37E-01
1898.50	-6.89E-02
1898.59	-3.16E-01
1898.67	-3.62E-01
1898.75	-3.72E-01
1898.84	-2.88E-01
1898.92	-2.38E-01
1899.00	-3.70E-01
1899.09	-5.72E-01
1899.17	-8.73E-01
1899.25	-1.13E+00
1899.34	-9.61E-01
1899.42	-4.66E-01
1899.50	-1.48E-01
1899.59	-2.23E-01
1899.67	-3.42E-01
1899.75	-2.28E-01
1899.84	-4.25E-02
1899.92	-5.91E-02
1900.00	-2.58E-01
1900.09	-4.99E-01
1900.17	-7.00E-01
1900.25	-9.63E-01
1900.34	-1.50E+00
1900.42	-1.95E+00
1900.50	-1.90E+00
1900.59	-1.58E+00
1900.67	-1.44E+00
1900.75	-1.56E+00
1900.84	-1.73E+00
1900.92	-1.86E+00
1901.00	-1.95E+00
1901.09	-2.01E+00
1901.17	-1.99E+00
1901.25	-1.87E+00
1901.34	-1.83E+00
1901.42	-1.97E+00
1901.50	-1.88E+00
1901.59	-1.43E+00
1901.67	-1.04E+00
1901.75	-9.45E-01
1901.84	-1.06E+00
1901.92	-1.23E+00
1902.00	-1.10E+00
1902.09	-7.53E-01
1902.17	-5.87E-01
1902.25	-5.28E-01
1902.34	-6.82E-01
1902.42	-1.10E+00
1902.50	-1.34E+00
1902.59	-1.32E+00
1902.67	-1.14E+00
1902.75	-7.57E-01
1902.84	-3.81E-01
1902.92	-2.32E-01
1903.00	-2.84E-01
1903.09	-3.84E-01
1903.17	-2.82E-01
1903.25	-1.26E-01
1903.34	-2.00E-01
1903.42	-4.10E-01
1903.50	-5.06E-01
1903.59	-4.90E-01
1903.67	-6.52E-01
1903.75	-9.72E-01
1903.84	-1.26E+00
1903.92	-1.31E+00
1904.00	-1.07E+00
1904.09	-9.04E-01
1904.17	-1.02E+00
1904.25	-1.26E+00
1904.34	-1.35E+00
1904.42	-1.22E+00
1904.50	-1.08E+00
1904.59	-1.06E+00
1904.67	-1.05E+00
1904.75	-1.07E+00
1904.84	-1.12E+00
1904.92	-1.14E+00
1905.00	-1.07E+00
1905.09	-8.73E-01
1905.17	-5.33E-01
1905.25	-1.73E-01
1905.34	-4.33E-02
1905.42	-2.06E-01
1905.50	-4.58E-01
1905.59	-6.20E-01
1905.67	-6.38E-01
1905.75	-5.98E-01
1905.84	-5.95E-01
1905.92	-6.01E-01
1906.00	-5.47E-01
1906.09	-4.23E-01
1906.17	-4.51E-01
1906.25	-5.97E-01
1906.34	-5.93E-01
1906.42	-5.65E-01
1906.50	-7.29E-01
1906.59	-1.03E+00
1906.67	-1.24E+00
1906.75	-1.33E+00
1906.84	-1.34E+00
1906.92	-1.33E+00
1907.00	-1.43E+00
1907.09	-1.59E+00
1907.17	-1.67E+00
1907.25	-1.58E+00
1907.34	-1.31E+00
1907.42	-9.86E-01
1907.50	-7.74E-01
1907.59	-7.19E-01
1907.67	-8.72E-01
1907.75	-1.12E+00
1907.84	-1.27E+00
1907.92	-1.40E+00
1908.00	-1.53E+00
1908.09	-1.57E+00
1908.17	-1.38E+00
1908.25	-1.02E+00
1908.34	-6.71E-01
1908.42	-5.31E-01
1908.50	-6.19E-01
1908.59	-8.13E-01
1908.67	-9.55E-01
1908.75	-1.06E+00
1908.84	-1.16E+00
1908.92	-1.13E+00
1909.00	-9.52E-01
1909.09	-7.66E-01
1909.17	-7.70E-01
1909.25	-1.08E+00
1909.34	-1.44E+00
1909.42	-1.48E+00
1909.50	-1.31E+00
1909.59	-1.19E+00
1909.67	-1.20E+00
1909.75	-1.28E+00
1909.84	-1.25E+00
1909.92	-1.29E+00
1910.00	-1.66E+00
1910.09	-2.13E+00
1910.17	-2.42E+00
1910.25	-2.42E+00
1910.34	-2.26E+00
1910.42	-2.14E+00
1910.50	-2.07E+00
1910.59	-2.04E+00
1910.67	-1.83E+00
1910.75	-1.52E+00
1910.84	-1.50E+00
1910.92	-1.73E+00
1911.00	-1.82E+00
1911.09	-1.69E+00
1911.17	-1.72E+00
1911.25	-1.91E+00
1911.34	-1.83E+00
1911.42	-1.39E+00
1911.50	-9.40E-01
1911.59	-8.45E-01
1911.67	-9.19E-01
1911.75	-8.40E-01
1911.84	-6.06E-01
1911.92	-2.81E-01
1912.00	1.73E-01
1912.09	7.53E-01
1912.17	1.24E+00
1912.25	1.42E+00
1912.34	1.30E+00
1912.42	9.92E-01
1912.50	5.65E-01
1912.59	1.95E-01
1912.67	2.36E-02
1912.75	-1.18E-01
1912.84	-3.05E-01
1912.92	-4.45E-01
1913.00	-4.35E-01
1913.09	-2.20E-01
1913.17	-4.38E-02
1913.25	-9.61E-02
1913.34	-1.41E-01
1913.42	-1.26E-01
1913.50	-3.16E-01
1913.59	-7.13E-01
1913.67	-1.04E+00
1913.75	-1.30E+00
1913.84	-1.58E+00
1913.92	-1.76E+00
1914.00	-1.69E+00
1914.09	-1.39E+00
1914.17	-1.10E+00
1914.25	-9.70E-01
1914.34	-1.03E+00
1914.42	-1.23E+00
1914.50	-1.48E+00
1914.59	-1.56E+00
1914.67	-1.35E+00
1914.75	-9.94E-01
1914.84	-7.76E-01
1914.92	-7.31E-01
1915.00	-8.12E-01
1915.09	-1.12E+00
1915.17	-1.56E+00
1915.25	-1.84E+00
1915.34	-1.89E+00
1915.42	-1.80E+00
1915.50	-1.60E+00
1915.59	-1.42E+00
1915.67	-1.29E+00
1915.75	-1.07E+00
1915.84	-8.02E-01
1915.92	-6.61E-01
1916.00	-6.06E-01
1916.09	-6.73E-01
1916.17	-9.37E-01
1916.25	-1.15E+00
1916.34	-1.13E+00
1916.42	-9.83E-01
1916.50	-8.95E-01
1916.59	-9.98E-01
1916.67	-1.34E+00
1916.75	-1.78E+00
1916.84	-2.06E+00
1916.92	-2.08E+00
1917.00	-1.88E+00
1917.09	-1.56E+00
1917.17	-1.40E+00
1917.25	-1.39E+00
1917.34	-1.43E+00
1917.42	-1.42E+00
1917.50	-1.47E+00
1917.59	-1.66E+00
1917.67	-1.69E+00
1917.75	-1.54E+00
1917.84	-1.46E+00
1917.92	-1.45E+00
1918.00	-1.41E+00
1918.09	-1.31E+00
1918.17	-1.17E+00
1918.25	-9.77E-01
1918.34	-9.71E-01
1918.42	-9.75E-01
1918.50	-8.30E-01
1918.59	-8.24E-01
1918.67	-8.69E-01
1918.75	-9.16E-01
1918.84	-1.13E+00
1918.92	-1.46E+00
1919.00	-1.73E+00
1919.09	-1.76E+00
1919.17	-1.71E+00
1919.25	-1.72E+00
1919.34	-1.71E+00
1919.42	-1.68E+00
1919.50	-1.63E+00
1919.59	-1.62E+00
1919.67	-1.67E+00
1919.75	-1.79E+00
1919.84	-1.99E+00
1919.92	-2.10E+00
1920.00	-2.01E+00
1920.09	-1.78E+00
1920.17	-1.59E+00
1920.25	-1.64E+00
1920.34	-1.82E+00
1920.42	-1.83E+00
1920.50	-1.58E+00
1920.59	-1.18E+00
1920.67	-7.77E-01
1920.75	-6.38E-01
1920.84	-7.23E-01
1920.92	-6.64E-01
1921.00	-3.95E-01
1921.09	-1.61E-01
1921.17	-2.25E-01
1921.25	-4.65E-01
1921.34	-6.60E-01
1921.42	-8.57E-01
1921.50	-1.10E+00
1921.59	-1.33E+00
1921.67	-1.46E+00
1921.75	-1.53E+00
1921.84	-1.51E+00
1921.92	-1.34E+00
1922.00	-1.03E+00
1922.09	-7.63E-01
1922.17	-7.18E-01
1922.25	-7.51E-01
1922.34	-7.02E-01
1922.42	-6.18E-01
1922.50	-5.78E-01
1922.59	-5.27E-01
1922.67	-2.58E-01
1922.75	9.91E-02
1922.84	3.05E-01
1922.92	3.75E-01
1923.00	4.39E-01
1923.09	5.11E-01
1923.17	5.15E-01
1923.25	5.08E-01
1923.34	4.28E-01
1923.42	3.81E-01
1923.50	4.67E-01
1923.59	4.49E-01
1923.67	3.80E-01
1923.75	3.89E-01
1923.84	3.67E-01
1923.92	3.12E-01
1924.00	3.77E-01
1924.09	6.09E-01
1924.17	7.71E-01
1924.25	7.89E-01
1924.34	7.50E-01
1924.42	6.97E-01
1924.50	7.10E-01
1924.59	6.26E-01
1924.67	2.88E-01
1924.75	-8.28E-02
1924.84	-3.17E-01
1924.92	-4.35E-01
1925.00	-4.03E-01
1925.09	-1.69E-01
1925.17	1.35E-01
1925.25	3.42E-01
1925.34	4.41E-01
1925.42	4.31E-01
1925.50	2.74E-01
1925.59	-1.22E-02
1925.67	-2.77E-01
1925.75	-4.14E-01
1925.84	-4.61E-01
1925.92	-4.18E-01
1926.00	-3.30E-01
1926.09	-4.22E-01
1926.17	-6.84E-01
1926.25	-8.41E-01
1926.34	-7.75E-01
1926.42	-5.58E-01
1926.50	-4.03E-01
1926.59	-4.83E-01
1926.67	-6.64E-01
1926.75	-7.45E-01
1926.84	-7.31E-01
1926.92	-7.15E-01
1927.00	-7.50E-01
1927.09	-7.03E-01
1927.17	-4.47E-01
1927.25	-7.60E-02
1927.34	3.59E-01
1927.42	8.18E-01
1927.50	1.03E+00
1927.59	9.24E-01
1927.67	7.69E-01
1927.75	6.26E-01
1927.84	5.27E-01
1927.92	5.76E-01
1928.00	7.40E-01
1928.09	9.58E-01
1928.17	1.13E+00
1928.25	1.09E+00
1928.34	9.89E-01
1928.42	1.12E+00
1928.50	1.21E+00
1928.59	9.66E-01
1928.67	7.68E-01
1928.75	8.50E-01
1928.84	1.02E+00
1928.92	1.13E+00
1929.00	1.09E+00
1929.09	1.00E+00
1929.17	1.06E+00
1929.25	1.30E+00
1929.34	1.59E+00
1929.42	1.66E+00
1929.50	1.40E+00
1929.59	9.93E-01
1929.67	6.66E-01
1929.75	5.48E-01
1929.84	5.82E-01
1929.92	6.48E-01
1930.00	8.51E-01
1930.09	1.15E+00
1930.17	1.29E+00
1930.25	1.34E+00
1930.34	1.36E+00
1930.42	1.37E+00
1930.50	1.31E+00
1930.59	9.18E-01
1930.67	3.12E-01
1930.75	-2.37E-01
1930.84	-6.71E-01
1930.92	-8.52E-01
1931.00	-7.45E-01
1931.09	-5.01E-01
1931.17	-1.02E-01
1931.25	3.50E-01
1931.34	5.53E-01
1931.42	6.30E-01
1931.50	6.49E-01
1931.59	4.31E-01
1931.67	1.76E-01
1931.75	1.53E-02
1931.84	-2.70E-01
1931.92	-4.49E-01
1932.00	-1.49E-01
1932.09	3.22E-01
1932.17	5.14E-01
1932.25	4.10E-01
1932.34	1.83E-01
1932.42	-1.62E-02
1932.50	-7.27E-02
1932.59	5.02E-02
1932.67	2.98E-01
1932.75	5.37E-01
1932.84	7.04E-01
1932.92	8.42E-01
1933.00	9.22E-01
1933.09	9.21E-01
1933.17	9.25E-01
1933.25	9.67E-01
1933.34	9.93E-01
1933.42	9.10E-01
1933.50	6.68E-01
1933.59	3.84E-01
1933.67	2.44E-01
1933.75	2.65E-01
1933.84	3.53E-01
1933.92	4.20E-01
1934.00	4.49E-01
1934.09	7.29E-01
1934.17	1.51E+00
1934.25	2.40E+00
1934.34	2.80E+00
1934.42	2.61E+00
1934.50	2.05E+00
1934.59	1.61E+00
1934.67	1.48E+00
1934.75	1.30E+00
1934.84	1.03E+00
1934.92	9.62E-01
1935.00	1.04E+00
1935.09	1.04E+00
1935.17	9.73E-01
1935.25	1.02E+00
1935.34	1.24E+00
1935.42	1.47E+00
1935.50	1.62E+00
1935.59	1.59E+00
1935.67	1.31E+00
1935.75	9.27E-01
1935.84	5.36E-01
1935.92	2.50E-01
1936.00	2.52E-01
1936.09	4.64E-01
1936.17	7.80E-01
1936.25	1.20E+00
1936.34	1.49E+00
1936.42	1.36E+00
1936.50	6.87E-01
1936.59	-9.04E-02
1936.67	-3.36E-01
1936.75	-2.45E-01
1936.84	-4.08E-01
1936.92	-5.95E-01
1937.00	-4.28E-01
1937.09	-1.55E-01
1937.17	5.68E-02
1937.25	2.71E-01
1937.34	3.92E-01
1937.42	2.64E-01
1937.50	-5.39E-02
1937.59	-3.91E-01
1937.67	-5.54E-01
1937.75	-3.82E-01
1937.84	5.45E-02
1937.92	4.02E-01
1938.00	4.32E-01
1938.09	2.67E-01
1938.17	1.46E-01
1938.25	3.45E-01
1938.34	8.63E-01
1938.42	1.38E+00
1938.50	1.75E+00
1938.59	1.89E+00
1938.67	1.68E+00
1938.75	1.25E+00
1938.84	9.82E-01
1938.92	9.61E-01
1939.00	9.96E-01
1939.09	1.06E+00
1939.17	1.07E+00
1939.25	8.94E-01
1939.34	7.81E-01
1939.42	8.97E-01
1939.50	1.00E+00
1939.59	9.43E-01
1939.67	7.56E-01
1939.75	6.14E-01
1939.84	4.22E-01
1939.92	-1.34E-02
1940.00	-4.34E-01
1940.09	-5.69E-01
1940.17	-4.40E-01
1940.25	-1.80E-01
1940.34	5.23E-02
1940.42	2.29E-01
1940.50	3.92E-01
1940.59	6.10E-01
1940.67	9.34E-01
1940.75	1.27E+00
1940.84	1.56E+00
1940.92	1.77E+00
1941.00	1.76E+00
1941.09	1.63E+00
1941.17	1.64E+00
1941.25	1.79E+00
1941.34	1.99E+00
1941.42	2.06E+00
1941.50	1.92E+00
1941.59	1.65E+00
1941.67	1.44E+00
1941.75	1.41E+00
1941.84	1.55E+00
1941.92	1.76E+00
1942.00	1.86E+00
1942.09	1.69E+00
1942.17	1.23E+00
1942.25	7.82E-01
1942.34	5.56E-01
1942.42	4.96E-01
1942.50	5.48E-01
1942.59	6.89E-01
1942.67	8.45E-01
1942.75	1.02E+00
1942.84	1.05E+00
1942.92	8.22E-01
1943.00	5.66E-01
1943.09	3.25E-01
1943.17	-9.60E-02
1943.25	-5.85E-01
1943.34	-7.16E-01
1943.42	-4.56E-01
1943.50	-2.13E-01
1943.59	-1.84E-01
1943.67	-2.89E-01
1943.75	-4.95E-01
1943.84	-6.14E-01
1943.92	-5.54E-01
1944.00	-5.23E-01
1944.09	-6.11E-01
1944.17	-7.10E-01
1944.25	-7.14E-01
1944.34	-5.88E-01
1944.42	-4.25E-01
1944.50	-2.87E-01
1944.59	-7.43E-02
1944.67	8.89E-02
1944.75	5.03E-02
1944.84	-1.67E-02
1944.92	-3.18E-02
1945.00	-8.71E-02
1945.09	-6.47E-02
1945.17	4.30E-02
1945.25	1.52E-02
1945.34	-9.32E-02
1945.42	-1.34E-01
1945.50	7.69E-03
1945.59	2.85E-01
1945.67	4.68E-01
1945.75	6.00E-01
1945.84	6.60E-01
1945.92	5.37E-01
1946.00	3.70E-01
1946.09	1.88E-01
1946.17	9.03E-02
1946.25	2.12E-01
1946.34	3.76E-01
1946.42	4.39E-01
1946.50	4.74E-01
1946.59	5.30E-01
1946.67	5.69E-01
1946.75	4.87E-01
1946.84	1.67E-01
1946.92	-2.39E-01
1947.00	-4.58E-01
1947.09	-4.19E-01
1947.17	-2.94E-01
1947.25	-1.98E-01
1947.34	-6.90E-02
1947.42	-2.72E-02
1947.50	-7.50E-02
1947.59	7.14E-02
1947.67	3.31E-01
1947.75	4.04E-01
1947.84	2.68E-01
1947.92	2.22E-01
1948.00	4.73E-01
1948.09	8.28E-01
1948.17	1.24E+00
1948.25	1.63E+00
1948.34	1.68E+00
1948.42	1.48E+00
1948.50	1.29E+00
1948.59	1.10E+00
1948.67	9.50E-01
1948.75	8.98E-01
1948.84	9.36E-01
1948.92	1.02E+00
1949.00	1.03E+00
1949.09	1.10E+00
1949.17	1.43E+00
1949.25	1.78E+00
1949.34	1.92E+00
1949.42	1.90E+00
1949.50	1.77E+00
1949.59	1.60E+00
1949.67	1.52E+00
1949.75	1.42E+00
1949.84	1.16E+00
1949.92	1.01E+00
1950.00	1.21E+00
1950.09	1.49E+00
1950.17	1.57E+00
1950.25	1.56E+00
1950.34	1.49E+00
1950.42	1.33E+00
1950.50	1.14E+00
1950.59	1.10E+00
1950.67	1.20E+00
1950.75	1.13E+00
1950.84	8.49E-01
1950.92	5.35E-01
1951.00	2.98E-01
1951.09	2.61E-01
1951.17	2.97E-01
1951.25	1.43E-01
1951.34	-2.36E-02
1951.42	-6.66E-02
1951.50	-9.22E-02
1951.59	-1.30E-01
1951.67	-9.76E-02
1951.75	7.30E-02
1951.84	2.16E-01
1951.92	2.70E-01
1952.00	4.15E-01
1952.09	6.68E-01
1952.17	9.25E-01
1952.25	1.09E+00
1952.34	1.09E+00
1952.42	1.07E+00
1952.50	1.28E+00
1952.59	1.54E+00
1952.67	1.49E+00
1952.75	1.15E+00
1952.84	7.33E-01
1952.92	3.95E-01
1953.00	2.02E-01
1953.09	-1.30E-01
1953.17	-5.91E-01
1953.25	-7.09E-01
1953.34	-5.57E-01
1953.42	-4.34E-01
1953.50	-3.47E-01
1953.59	-2.73E-01
1953.67	-1.89E-01
1953.75	-2.28E-01
1953.84	-3.31E-01
1953.92	-3.03E-01
1954.00	-3.08E-01
1954.09	-3.69E-01
1954.17	-2.43E-01
1954.25	1.14E-01
1954.34	5.83E-01
1954.42	9.01E-01
1954.50	8.69E-01
1954.59	6.48E-01
1954.67	4.61E-01
1954.75	4.38E-01
1954.84	7.34E-01
1954.92	1.25E+00
1955.00	1.52E+00
1955.09	1.38E+00
1955.17	1.14E+00
1955.25	9.80E-01
1955.34	9.04E-01
1955.42	9.20E-01
1955.50	9.11E-01
1955.59	9.20E-01
1955.67	9.32E-01
1955.75	7.95E-01
1955.84	5.46E-01
1955.92	2.51E-01
1956.00	4.85E-02
1956.09	-2.25E-02
1956.17	-1.08E-01
1956.25	-1.36E-01
1956.34	2.49E-02
1956.42	3.14E-01
1956.50	4.80E-01
1956.59	4.59E-01
1956.67	5.07E-01
1956.75	7.18E-01
1956.84	8.57E-01
1956.92	7.44E-01
1957.00	7.01E-01
1957.09	1.03E+00
1957.17	1.38E+00
1957.25	1.50E+00
1957.34	1.48E+00
1957.42	1.39E+00
1957.50	1.34E+00
1957.59	1.26E+00
1957.67	9.60E-01
1957.75	6.11E-01
1957.84	4.80E-01
1957.92	6.31E-01
1958.00	8.79E-01
1958.09	8.95E-01
1958.17	5.61E-01
1958.25	2.06E-01
1958.34	9.08E-02
1958.42	9.37E-02
1958.50	1.38E-01
1958.59	3.34E-01
1958.67	6.43E-01
1958.75	8.10E-01
1958.84	8.08E-01
1958.92	7.61E-01
1959.00	5.93E-01
1959.09	2.83E-01
1959.17	-1.24E-02
1959.25	-1.45E-01
1959.34	-1.59E-01
1959.42	-6.05E-02
1959.50	1.31E-01
1959.59	3.33E-01
1959.67	5.92E-01
1959.75	7.83E-01
1959.84	8.09E-01
1959.92	7.38E-01
1960.00	5.06E-01
1960.09	1.10E-01
1960.17	-1.65E-01
1960.25	-2.26E-01
1960.34	-3.56E-01
1960.42	-5.66E-01
1960.50	-5.64E-01
1960.59	-3.96E-01
1960.67	-3.16E-01
1960.75	-2.64E-01
1960.84	-9.93E-02
1960.92	-2.57E-02
1961.00	-1.58E-01
1961.09	-1.40E-01
1961.17	-9.22E-02
1961.25	-3.88E-01
1961.34	-8.10E-01
1961.42	-1.07E+00
1961.50	-1.15E+00
1961.59	-1.01E+00
1961.67	-8.28E-01
1961.75	-8.18E-01
1961.84	-8.10E-01
1961.92	-6.45E-01
1962.00	-5.00E-01
1962.09	-4.89E-01
1962.17	-5.87E-01
1962.25	-7.68E-01
1962.34	-9.43E-01
1962.42	-1.06E+00
1962.50	-1.17E+00
1962.59	-1.18E+00
1962.67	-9.33E-01
1962.75	-5.42E-01
1962.84	-2.18E-01
1962.92	-2.20E-02
1963.00	7.56E-02
1963.09	5.72E-02
1963.17	-7.83E-02
1963.25	-1.93E-01
1963.34	-1.95E-01
1963.42	-9.63E-02
1963.50	4.75E-03
1963.59	8.74E-02
1963.67	2.26E-01
1963.75	3.63E-01
1963.84	3.47E-01
1963.92	1.52E-01
1964.00	-1.34E-01
1964.09	-5.45E-01
1964.17	-9.64E-01
1964.25	-1.10E+00
1964.34	-9.49E-01
1964.42	-6.98E-01
1964.50	-6.26E-01
1964.59	-7.78E-01
1964.67	-9.18E-01
1964.75	-1.00E+00
1964.84	-1.05E+00
1964.92	-9.99E-01
1965.00	-8.79E-01
1965.09	-8.17E-01
1965.17	-9.63E-01
1965.25	-1.11E+00
1965.34	-1.07E+00
1965.42	-8.91E-01
1965.50	-6.93E-01
1965.59	-5.89E-01
1965.67	-5.44E-01
1965.75	-3.43E-01
1965.84	1.34E-01
1965.92	6.20E-01
1966.00	7.16E-01
1966.09	4.51E-01
1966.17	2.57E-01
1966.25	1.90E-01
1966.34	-6.25E-02
1966.42	-4.22E-01
1966.50	-6.56E-01
1966.59	-6.44E-01
1966.67	-4.03E-01
1966.75	-1.95E-01
1966.84	-1.19E-01
1966.92	-3.76E-02
1967.00	1.77E-02
1967.09	-1.53E-01
1967.17	-5.25E-01
1967.25	-8.00E-01
1967.34	-8.13E-01
1967.42	-7.67E-01
1967.50	-8.62E-01
1967.59	-1.02E+00
1967.67	-1.10E+00
1967.75	-1.18E+00
1967.84	-1.32E+00
1967.92	-1.52E+00
1968.00	-1.72E+00
1968.09	-1.78E+00
1968.17	-1.76E+00
1968.25	-1.81E+00
1968.34	-1.91E+00
1968.42	-1.85E+00
1968.50	-1.54E+00
1968.59	-1.33E+00
1968.67	-1.38E+00
1968.75	-1.54E+00
1968.84	-1.76E+00
1968.92	-1.92E+00
1969.00	-1.94E+00
1969.09	-2.07E+00
1969.17	-2.22E+00
1969.25	-2.12E+00
1969.34	-1.91E+00
1969.42	-1.70E+00
1969.50	-1.51E+00
1969.59	-1.46E+00
1969.67	-1.58E+00
1969.75	-1.76E+00
1969.84	-1.85E+00
1969.92	-1.76E+00
1970.00	-1.48E+00
1970.09	-1.14E+00
1970.17	-8.79E-01
1970.25	-7.07E-01
1970.34	-6.28E-01
1970.42	-6.86E-01
1970.50	-8.47E-01
1970.59	-1.00E+00
1970.67	-1.12E+00
1970.75	-1.25E+00
1970.84	-1.43E+00
1970.92	-1.77E+00
1971.00	-2.19E+00
1971.09	-2.41E+00
1971.17	-2.40E+00
1971.25	-2.40E+00
1971.34	-2.42E+00
1971.42	-2.45E+00
1971.50	-2.44E+00
1971.59	-2.27E+00
1971.67	-1.96E+00
1971.75	-1.67E+00
1971.84	-1.57E+00
1971.92	-1.59E+00
1972.00	-1.66E+00
1972.09	-1.73E+00
1972.17	-1.64E+00
1972.25	-1.41E+00
1972.34	-1.25E+00
1972.42	-1.37E+00
1972.50	-1.60E+00
1972.59	-1.68E+00
1972.67	-1.69E+00
1972.75	-1.80E+00
1972.84	-2.04E+00
1972.92	-2.23E+00
1973.00	-2.28E+00
1973.09	-2.31E+00
1973.17	-2.26E+00
1973.25	-1.88E+00
1973.34	-1.35E+00
1973.42	-1.10E+00
1973.50	-1.29E+00
1973.59	-1.69E+00
1973.67	-1.97E+00
1973.75	-1.97E+00
1973.84	-1.72E+00
1973.92	-1.34E+00
1974.00	-1.07E+00
1974.09	-8.99E-01
1974.17	-7.06E-01
1974.25	-5.91E-01
1974.34	-6.72E-01
1974.42	-8.89E-01
1974.50	-9.99E-01
1974.59	-9.34E-01
1974.67	-8.47E-01
1974.75	-7.46E-01
1974.84	-6.87E-01
1974.92	-7.48E-01
1975.00	-8.58E-01
1975.09	-1.03E+00
1975.17	-1.28E+00
1975.25	-1.37E+00
1975.34	-1.24E+00
1975.42	-1.08E+00
1975.50	-9.48E-01
1975.59	-8.27E-01
1975.67	-8.03E-01
1975.75	-8.51E-01
1975.84	-8.73E-01
1975.92	-9.63E-01
1976.00	-1.01E+00
1976.09	-8.02E-01
1976.17	-4.99E-01
1976.25	-4.02E-01
1976.34	-4.68E-01
1976.42	-5.05E-01
1976.50	-4.70E-01
1976.59	-4.08E-01
1976.67	-3.04E-01
1976.75	-1.98E-01
1976.84	-2.60E-01
1976.92	-3.78E-01
1977.00	-1.88E-01
1977.09	2.36E-01
1977.17	4.71E-01
1977.25	4.06E-01
1977.34	2.33E-01
1977.42	5.43E-02
1977.50	-2.10E-01
1977.59	-6.11E-01
1977.67	-9.37E-01
1977.75	-9.87E-01
1977.84	-7.88E-01
1977.92	-4.70E-01
1978.00	-3.13E-01
1978.09	-3.31E-01
1978.17	-3.34E-01
1978.25	-3.71E-01
1978.34	-4.00E-01
1978.42	-4.06E-01
1978.50	-5.32E-01
1978.59	-5.71E-01
1978.67	-3.77E-01
1978.75	-2.69E-01
1978.84	-3.09E-01
1978.92	-4.07E-01
1979.00	-6.11E-01
1979.09	-8.04E-01
1979.17	-9.01E-01
1979.25	-1.04E+00
1979.34	-1.26E+00
1979.42	-1.47E+00
1979.50	-1.67E+00
1979.59	-1.85E+00
1979.67	-1.85E+00
1979.75	-1.54E+00
1979.84	-9.00E-01
1979.92	-1.74E-01
1980.00	1.73E-01
1980.09	7.07E-02
1980.17	-9.81E-02
1980.25	-1.99E-01
1980.34	-4.48E-01
1980.42	-7.68E-01
1980.50	-8.94E-01
1980.59	-7.41E-01
1980.67	-4.48E-01
1980.75	-3.30E-01
1980.84	-3.98E-01
1980.92	-5.06E-01
1981.00	-6.35E-01
1981.09	-8.32E-01
1981.17	-1.13E+00
1981.25	-1.28E+00
1981.34	-1.19E+00
1981.42	-1.16E+00
1981.50	-1.40E+00
1981.59	-1.70E+00
1981.67	-1.75E+00
1981.75	-1.68E+00
1981.84	-1.66E+00
1981.92	-1.71E+00
1982.00	-1.78E+00
1982.09	-1.62E+00
1982.17	-1.17E+00
1982.25	-8.97E-01
1982.34	-1.02E+00
1982.42	-1.17E+00
1982.50	-1.22E+00
1982.59	-1.33E+00
1982.67	-1.50E+00
1982.75	-1.57E+00
1982.84	-1.50E+00
1982.92	-1.44E+00
1983.00	-1.43E+00
1983.09	-1.33E+00
1983.17	-1.24E+00
1983.25	-1.23E+00
1983.34	-1.22E+00
1983.42	-1.23E+00
1983.50	-1.38E+00
1983.59	-1.65E+00
1983.67	-1.74E+00
1983.75	-1.54E+00
1983.84	-1.14E+00
1983.92	-5.91E-01
1984.00	-7.83E-02
1984.09	3.15E-01
1984.17	7.41E-01
1984.25	1.15E+00
1984.34	1.32E+00
1984.42	1.13E+00
1984.50	6.38E-01
1984.59	1.82E-01
1984.67	2.91E-02
1984.75	-6.80E-02
1984.84	-2.28E-01
1984.92	-1.66E-01
1985.00	1.32E-01
1985.09	4.76E-01
1985.17	6.91E-01
1985.25	6.20E-01
1985.34	2.72E-01
1985.42	-1.78E-01
1985.50	-5.38E-01
1985.59	-7.06E-01
1985.67	-7.89E-01
1985.75	-8.76E-01
1985.84	-9.29E-01
1985.92	-1.06E+00
1986.00	-1.17E+00
1986.09	-8.67E-01
1986.17	-1.53E-01
1986.25	4.70E-01
1986.34	5.35E-01
1986.42	9.77E-02
1986.50	-3.69E-01
1986.59	-6.10E-01
1986.67	-7.96E-01
1986.75	-1.00E+00
1986.84	-1.02E+00
1986.92	-8.65E-01
1987.00	-6.71E-01
1987.09	-4.50E-01
1987.17	-2.83E-01
1987.25	-1.24E-01
1987.34	1.43E-01
1987.42	4.49E-01
1987.50	4.95E-01
1987.59	2.06E-01
1987.67	-1.68E-01
1987.75	-4.93E-01
1987.84	-6.03E-01
1987.92	-5.18E-01
1988.00	-5.32E-01
1988.09	-6.29E-01
1988.17	-6.44E-01
1988.25	-5.81E-01
1988.34	-4.85E-01
1988.42	-4.84E-01
1988.50	-7.75E-01
1988.59	-1.09E+00
1988.67	-1.12E+00
1988.75	-9.56E-01
1988.84	-7.06E-01
1988.92	-5.73E-01
1989.00	-7.01E-01
1989.09	-8.76E-01
1989.17	-9.14E-01
1989.25	-1.05E+00
1989.34	-1.42E+00
1989.42	-1.68E+00
1989.50	-1.66E+00
1989.59	-1.58E+00
1989.67	-1.48E+00
1989.75	-1.29E+00
1989.84	-1.12E+00
1989.92	-1.05E+00
1990.00	-9.77E-01
1990.09	-8.78E-01
1990.17	-9.16E-01
1990.25	-1.08E+00
1990.34	-1.13E+00
1990.42	-1.04E+00
1990.50	-1.10E+00
1990.59	-1.31E+00
1990.67	-1.45E+00
1990.75	-1.47E+00
1990.84	-1.47E+00
1990.92	-1.39E+00
1991.00	-1.20E+00
1991.09	-1.07E+00
1991.17	-1.06E+00
1991.25	-1.10E+00
1991.34	-1.08E+00
1991.42	-8.86E-01
1991.50	-5.46E-01
1991.59	-3.03E-01
1991.67	-2.79E-01
1991.75	-3.02E-01
1991.84	-2.15E-01
1991.92	-2.18E-02
1992.00	3.30E-01
1992.09	8.95E-01
1992.17	1.42E+00
1992.25	1.54E+00
1992.34	1.20E+00
1992.42	7.41E-01
1992.50	5.31E-01
1992.59	5.10E-01
1992.67	3.80E-01
1992.75	1.41E-01
1992.84	-5.88E-02
1992.92	-1.43E-01
1993.00	-1.30E-01
1993.09	-2.07E-01
1993.17	-3.94E-01
1993.25	-4.40E-01
1993.34	-2.68E-01
1993.42	-1.73E-01
1993.50	-3.82E-01
1993.59	-6.60E-01
1993.67	-7.27E-01
1993.75	-5.74E-01
1993.84	-3.23E-01
1993.92	-1.06E-01
1994.00	3.27E-02
1994.09	1.09E-01
1994.17	1.47E-01
1994.25	1.80E-01
1994.34	2.30E-01
1994.42	3.81E-01
1994.50	5.35E-01
1994.59	5.31E-01
1994.67	5.41E-01
1994.75	7.25E-01
1994.84	1.08E+00
1994.92	1.41E+00
1995.00	1.57E+00
1995.09	1.79E+00
1995.17	2.13E+00
1995.25	2.39E+00
1995.34	2.44E+00
1995.42	2.29E+00
1995.50	2.03E+00
1995.59	1.77E+00
1995.67	1.41E+00
1995.75	8.79E-01
1995.84	4.68E-01
1995.92	3.40E-01
1996.00	3.80E-01
1996.09	5.75E-01
1996.17	8.04E-01
1996.25	1.01E+00
1996.34	1.18E+00
1996.42	1.05E+00
1996.50	5.57E-01
1996.59	1.15E-01
1996.67	-6.51E-02
1996.75	-1.66E-01
1996.84	-1.29E-01
1996.92	1.17E-01
1997.00	3.11E-01
1997.09	3.35E-01
1997.17	2.53E-01
1997.25	2.59E-01
1997.34	4.00E-01
1997.42	4.04E-01
1997.50	1.60E-01
1997.59	-1.57E-01
1997.67	-4.07E-01
1997.75	-4.96E-01
1997.84	-3.32E-01
1997.92	-1.05E-01
1998.00	-1.65E-02
1998.09	1.13E-01
1998.17	4.50E-01
1998.25	7.25E-01
1998.34	8.96E-01
1998.42	1.13E+00
1998.50	1.22E+00
1998.59	1.09E+00
1998.67	9.96E-01
1998.75	9.61E-01
1998.84	8.87E-01
1998.92	7.30E-01
1999.00	4.15E-01
1999.09	9.87E-03
1999.17	-2.94E-01
1999.25	-2.68E-01
1999.34	7.20E-02
1999.42	3.70E-01
1999.50	4.38E-01
1999.59	3.14E-01
1999.67	1.72E-01
1999.75	1.35E-01
1999.84	1.61E-01
1999.92	2.88E-01
2000.00	4.58E-01
2000.09	6.42E-01
2000.17	9.06E-01
2000.25	1.26E+00
2000.34	1.71E+00
2000.42	2.06E+00
2000.50	2.04E+00
2000.59	1.66E+00
2000.67	1.28E+00
2000.75	1.12E+00
2000.84	1.04E+00
2000.92	9.05E-01
2001.00	6.55E-01
2001.09	4.55E-01
2001.17	5.89E-01
2001.25	9.71E-01
2001.34	1.27E+00
2001.42	1.34E+00
2001.50	1.26E+00
2001.59	1.16E+00
2001.67	1.01E+00
2001.75	8.00E-01
2001.84	7.71E-01
2001.92	1.04E+00
2002.00	1.34E+00
2002.09	1.48E+00
2002.17	1.65E+00
2002.25	1.92E+00
2002.34	2.13E+00
2002.42	2.04E+00
2002.50	1.61E+00
2002.59	1.15E+00
2002.67	9.41E-01
2002.75	7.90E-01
2002.84	5.66E-01
2002.92	4.91E-01
2003.00	7.51E-01
2003.09	1.20E+00
2003.17	1.55E+00
2003.25	1.77E+00
2003.34	1.90E+00
2003.42	1.89E+00
2003.50	1.76E+00
2003.59	1.53E+00
2003.67	1.21E+00
2003.75	9.97E-01
2003.84	9.44E-01
2003.92	8.66E-01
2004.00	7.66E-01
2004.09	6.66E-01
2004.17	5.76E-01
2004.25	5.37E-01
2004.34	4.80E-01
2004.42	4.92E-01
2004.50	6.47E-01
2004.59	7.64E-01
2004.67	6.65E-01
2004.75	4.82E-01
2004.84	5.02E-01
2004.92	5.98E-01
2005.00	5.75E-01
2005.09	6.95E-01
2005.17	9.74E-01
2005.25	1.08E+00
2005.34	1.02E+00
2005.42	9.21E-01
2005.50	6.92E-01
2005.59	3.59E-01
2005.67	1.05E-01
2005.75	-1.51E-01
2005.84	-4.79E-01
2005.92	-6.85E-01
2006.00	-6.54E-01
2006.09	-3.64E-01
2006.17	1.84E-01
2006.25	7.02E-01
2006.34	8.12E-01
2006.42	6.59E-01
2006.50	5.90E-01
2006.59	5.42E-01
2006.67	4.32E-01
2006.75	4.15E-01
2006.84	6.64E-01
2006.92	1.17E+00
2007.00	1.73E+00
2007.09	2.11E+00
2007.17	2.25E+00
2007.25	2.32E+00
2007.34	2.41E+00
2007.42	2.32E+00
2007.50	1.94E+00
2007.59	1.50E+00
2007.67	1.17E+00
2007.75	9.07E-01
2007.84	6.66E-01
2007.92	4.85E-01
2008.00	4.69E-01
2008.09	6.25E-01
2008.17	7.41E-01
2008.25	7.05E-01
2008.34	6.77E-01
2008.42	6.63E-01
2008.50	4.48E-01
2008.59	7.89E-02
2008.67	-1.73E-01
2008.75	-2.15E-01
2008.84	-1.06E-01
2008.92	8.08E-02
2009.00	3.16E-01
2009.09	6.76E-01
2009.17	1.16E+00
2009.25	1.63E+00
2009.34	1.98E+00
2009.42	2.09E+00
2009.50	1.84E+00
2009.59	1.33E+00
2009.67	9.11E-01
2009.75	7.20E-01
2009.84	6.69E-01
2009.92	7.02E-01
2010.00	7.04E-01
2010.09	5.91E-01
2010.17	5.09E-01
2010.25	6.57E-01
2010.34	9.18E-01
2010.42	1.18E+00
2010.50	1.34E+00
2010.59	1.07E+00
2010.67	5.20E-01
2010.75	5.81E-02
2010.84	-1.85E-01
2010.92	-3.02E-01
2011.00	-3.31E-01
2011.09	-1.63E-01
2011.17	2.08E-01
2011.25	7.47E-01
2011.34	1.27E+00
2011.42	1.52E+00
2011.50	1.39E+00
2011.59	9.24E-01
2011.67	4.57E-01
2011.75	1.78E-01
2011.84	-4.04E-02
2011.92	-2.72E-01
2012.00	-3.14E-01
2012.09	-8.71E-02
2012.17	1.79E-01
2012.25	4.52E-01
2012.34	7.99E-01
2012.42	1.19E+00
2012.50	1.40E+00
2012.59	1.29E+00
2012.67	1.16E+00
2012.75	1.10E+00
2012.84	1.00E+00
2012.92	9.28E-01
2013.00	1.02E+00
2013.09	1.37E+00
2013.17	1.79E+00
2013.25	2.07E+00
2013.34	2.22E+00
2013.42	2.24E+00
2013.50	2.12E+00
2013.59	1.97E+00
2013.67	1.76E+00
2013.75	1.46E+00
2013.84	1.20E+00
2013.92	1.09E+00
2014.00	1.21E+00
2014.09	1.43E+00
2014.17	1.54E+00
2014.25	1.55E+00
2014.34	1.46E+00
2014.42	1.20E+00
2014.50	9.23E-01
2014.59	7.71E-01
2014.67	6.76E-01
2014.75	5.82E-01
2014.84	4.75E-01
2014.92	3.56E-01
2015.00	1.95E-01
2015.09	-5.42E-03
2015.17	-9.19E-02
2015.25	5.70E-02
2015.34	3.73E-01
2015.42	6.06E-01
2015.50	3.64E-01
2015.59	-2.30E-01
2015.67	-4.09E-01
2015.75	-1.20E-01
2015.84	2.11E-01
2015.92	4.43E-01
2016.00	4.70E-01
2016.09	4.76E-01
2016.17	8.11E-01
2016.25	1.34E+00
2016.34	1.47E+00
2016.42	1.14E+00
2016.50	7.50E-01
2016.59	5.68E-01
2016.67	5.61E-01
2016.75	7.38E-01
2016.84	1.27E+00
2016.92	1.67E+00
2017.00	1.58E+00
2017.09	1.34E+00
2017.17	1.31E+00
2017.25	1.62E+00
2017.34	1.82E+00
2017.42	1.62E+00
2017.50	1.25E+00
2017.59	8.65E-01
2017.67	6.99E-01
2017.75	6.96E-01
2017.84	6.48E-01
2017.92	5.44E-01
2018.00	3.86E-01
2018.09	4.13E-01
2018.17	6.69E-01
2018.25	9.67E-01
2018.34	1.31E+00
2018.42	1.81E+00
2018.50	2.17E+00
2018.59	2.01E+00
2018.67	1.43E+00
2018.75	9.36E-01
2018.84	5.86E-01
2018.92	1.10E+00
2019.00	1.70E+00
2019.09	1.29E+00
2019.17	1.34E+00
2019.25	1.52E+00
2019.34	1.46E+00
2019.42	1.40E+00
2019.50	3.09E-01
2019.59	1.53E-01
2019.67	3.13E-01
2019.75	6.38E-01
2019.84	6.34E-01
2019.92	5.70E-01
2020.00	5.66E-01
2020.09	4.25E-01
2020.17	4.20E-01
2020.25	2.09E-01
2020.34	-1.61E-01
2020.42	-1.32E-01
2020.50	-2.15E-01
2020.59	-5.31E-01
2020.67	-9.04E-01
2020.75	-1.11E+00
2020.84	-9.96E-01
2020.92	-1.01E+00
2021.00	-9.94E-01
2021.09	-8.39E-01
2021.17	-6.42E-01
2021.25	-4.85E-01
2021.34	-2.49E-01
2021.42	-1.25E-01
2021.50	-2.83E-01
2021.59	-4.35E-01
2021.67	-6.29E-01
2021.75	-8.26E-01
2021.84	-9.68E-01
2021.92	-9.32E-01
2022.00	-7.29E-01
2022.09	-7.54E-01
