offs    0.00000000000
bg      0.00000000000
impA   10.03300644476
impB    0.00000000000
impC 2820.13546224153
delA    9.08729953472
delB    0.25000000000
asym    0.00000000000
ann1    0.00000000000
ann2    0.00000000000
sem1    0.00000000000
sem2    0.00000000000
year    0.00000000000
IR      0.00000000000
ma      0.00000000000
mp      0.00000000000
shfT    0.00000000000
init    0.00000000000
   9.10846048930   0.00610980303  -0.48778506556
  29.53064709651   0.00634444623  -2.21804386231
  27.09261953873   0.00287615336   2.02649123810
   6.82354927062  -0.00255312552   0.42010135832
   6.85248206692   0.01076107015   3.37004894456
  13.60611041000   0.01099150786  -0.15258785063
  13.66081618500   0.32669689711  -2.20034221742
3397.64080307470   0.00581954342  -0.42338139261
   9.12068594402   0.04697797891  -2.38260478170
  13.77727494000   0.01595296760   1.30781271880
6795.28160614939   0.00476631585   2.42775239171
  27.55454988000   0.08910482608   2.10052699440
  27.66673720859   0.00385593411  -2.62312719305
  27.44326870576   0.00708643374   0.47333566875
1616.09851046018   0.00436097490   0.73116575139
   6.85939920631   0.01356765878   2.16492351783
   6.83040809250  -0.00057456165  -1.53958218683
   9.55687890415   0.01319337759   1.77633164432
   9.13294426107   0.07515876381   2.93765304113
  27.32163237000   0.00691465512   1.76610832874
  27.21222082000   0.00105335603   3.35051588888
   9.18484996000   0.00665313219   0.30575240888
  14.76532354825   0.02491245855   0.63255181084
  31.81207632511   0.01594167993   1.80059082849
   9.06950090247  -0.00259821802  -1.85009034543
  13.63340841926   0.12584093896  -1.27634863833
  26.98503088862  -0.00247759221   1.42644683013
ltep    0.64411317105
ltep   48.83183037812
ltep   12.37172577535
ltep  100.53704447265
ltep   13.46071060886
ltep -187.79099261202
ltep  591.66203055553
ltep   70.83483702424
ltep  160.75891809371
ltep  424.36656988374
ltep    0.49339999973
harm  158
harm  196
harm  61
harm  25
harm  30
harm  35
harm  0
