offs    0.00000000000
bg      3.05527454110
impA    0.95303193969
impB    0.00000454892
ma     -0.00398687884
mp      0.00121898442
shfT    0.00000000000
init    0.00000000000
   9.10846048930   0.00479312330  -0.91331945830
  29.53064675082   0.00137488822   2.80059691276
  27.09261953873   0.00350351587   2.49467880825
   6.82354927062   0.00537928752  -3.12779599217
   6.85248206692   0.01629398922   2.89416659610
  13.60611041000   0.01621737979  -0.20141448442
  13.66081618500   0.31309217710  -2.23917899787
3397.64080307470   0.00119626002   1.19264102780
   9.12068594402   0.03945990713  -2.26189689245
  13.77727494000   0.01407057360   1.17623445678
6795.28160614939   0.00149177520  -2.98295981401
  27.55454988000   0.08293724439   2.17148908398
  27.66673720859   0.00584270364  -2.52338878541
  27.44326870576   0.00713225980   0.32454857949
1616.09851046018   0.00198272430   2.58529097406
   6.85939920631   0.01473449833   2.04192942794
   6.83040809250   0.00338063340  -4.76884628658
   9.55687883174   0.01906080012   2.30540808742
   9.13294426107   0.09173314324   3.20896383625
  27.32163237000   0.00372234873   2.51546378180
  27.21222082000   0.00231368359   0.98495032510
   9.18484996000   0.00730256667   0.17660590539
  14.76532337541   0.02664680741   0.49993596794
  31.81207552278   0.01502824574   1.42393040361
   9.06950090247   0.00000000000  -0.00000000392
  13.63340841926   0.12869225884  -1.27926041965
  26.98503088862   0.00357972889   2.48954674801
ltep   15.61352912128
ltep   74.70173597260
ltep   65.94462004286
ltep   84.16162500147
ltep    7.15758018294
ltep  177.31140027795
ltep 1165.28839181813
ltep   71.78253721168
ltep  153.99520804926
ltep  416.62178521380
ltep    0.50980771237
