1935	-0.020734001
1935.05	-0.019543817
1935.1	0.004449656
1935.15	0.013054159
1935.2	0.009353194
1935.25	0.00355666
1935.3	0.011482045
1935.35	0.000100781
1935.4	-0.002270465
1935.45	0.002177373
1935.5	-0.013381999
1935.55	-0.009547283
1935.6	-0.004742823
1935.65	0.002846933
1935.7	-0.004082544
1935.75	-0.006996025
1935.8	0.00343134
1935.85	0.003858947
1935.9	0.006635571
1935.95	0.007118341
1936	0.02857156
1936.05	0.024786344
1936.1	0.016187311
1936.15	0.013204902
1936.2	-0.004570132
1936.25	0.002354487
1936.3	0.003161758
1936.35	-0.015986036
1936.4	-0.017916313
1936.45	0.002204646
1936.5	-0.010182854
1936.55	-0.033627094
1936.6	-0.027142972
1936.65	-0.017120441
1936.7	-0.01632984
1936.75	-0.004932718
1936.8	0.001741002
1936.85	0.014747374
1936.9	0.036604158
1936.95	0.010634666
1937	0.014337697
1937.05	0.026362121
1937.1	0.028655594
1937.15	0.019358881
1937.2	-0.000143278
1937.25	0.008620881
1937.3	0.001667079
1937.35	0.005393352
1937.4	0.016346681
1937.45	0.016423429
1937.5	-0.028673663
1937.55	-0.059562011
1937.6	-0.041402443
1937.65	-0.031212879
1937.7	-0.026177597
1937.75	-0.008405831
1937.8	-0.006859549
1937.85	-0.005047069
1937.9	0.018207569
1937.95	0.022828653
1938	0.029722882
1938.05	0.02780475
1938.1	0.015893625
1938.15	0.026845468
1938.2	0.031496676
1938.25	0.034136969
1938.3	0.034088024
1938.35	-0.013582085
1938.4	-0.016279285
1938.45	0.030612894
1938.5	0.034247425
1938.55	0.014936813
1938.6	-0.086425467
1938.65	-0.079434666
1938.7	-0.014379765
1938.75	-0.054802538
1938.8	-0.040651696
1938.85	-0.007827292
1938.9	-3.00881E-05
1938.95	0.011304095
1939	0.014482758
1939.05	0.027977861
1939.1	0.025837825
1939.15	0.027399217
1939.2	0.050018534
1939.25	0.015955639
1939.3	0.008767935
1939.35	0.017984572
1939.4	0.003826715
1939.45	0.009380213
1939.5	0.010180141
1939.55	0.012665149
1939.6	0.002379621
1939.65	-0.008654868
1939.7	-0.017935664
1939.75	-0.064827741
1939.8	-0.066087996
1939.85	-0.01617573
1939.9	-0.013512092
1939.95	-0.030816297
1940	-0.010292581
1940.05	0.012483541
1940.1	0.012776118
1940.15	0.02777469
1940.2	0.038543021
1940.25	0.006717292
1940.3	0.008049673
1940.35	0.064679584
1940.4	0.037585835
1940.45	0.02470051
1940.5	0.025928867
1940.55	-0.00601445
1940.6	-0.016358461
1940.65	-0.035052537
1940.7	-0.048170745
1940.75	-0.044166177
1940.8	-0.035371644
1940.85	-0.045347895
1940.9	-0.014978199
1940.95	0.032047485
1941	0.005424861
1941.05	-0.011439871
1941.1	0.001349396
1941.15	0.000723034
1941.2	0.006544813
1941.25	0.020581401
1941.3	0.040606352
1941.35	-0.001079299
1941.4	-0.003280364
1941.45	0.023185378
1941.5	0.027479395
1941.55	0.015682809
1941.6	-0.002422792
1941.65	-0.024982754
1941.7	-0.02425204
1941.75	0.014939302
1941.8	-0.01500394
1941.85	-0.031751447
1941.9	0.013058098
1941.95	0.015234633
1942	-0.01366649
1942.05	-0.020731604
1942.1	0.001102929
1942.15	-0.012381611
1942.2	-0.031095394
1942.25	0.009356029
1942.3	0.021446012
1942.35	0.003965779
1942.4	0.004474546
1942.45	0.006190299
1942.5	0.00666045
1942.55	-0.000404401
1942.6	-0.009190476
1942.65	0.017408039
1942.7	0.017646911
1942.75	-0.013754379
1942.8	-0.004648674
1942.85	0.017222794
1942.9	0.022847797
1942.95	0.032477949
1943	0.017421927
1943.05	-0.016715483
1943.1	-0.009865527
1943.15	-0.008368631
1943.2	-0.006071934
1943.25	-0.030345275
1943.3	-0.028000431
1943.35	0.014065425
1943.4	-0.014712204
1943.45	-0.035105404
1943.5	-0.032741588
1943.55	-0.001889642
1943.6	0.007700485
1943.65	-0.003305865
1943.7	0.014618069
1943.75	-0.005462428
1943.8	8.7782E-05
1943.85	0.040831023
1943.9	0.010711605
1943.95	-0.014966806
1944	-0.014914197
1944.05	0.03348977
1944.1	0.057108386
1944.15	0.009630062
1944.2	-0.039684379
1944.25	-0.035405112
1944.3	-0.025820366
1944.35	0.02341511
1944.4	0.076233027
1944.45	-0.009193821
1944.5	-0.030072701
1944.55	-0.01732021
1944.6	-0.028604564
1944.65	-0.017136002
1944.7	-0.037050223
1944.75	-0.03286518
1944.8	-5.63155E-05
1944.85	0.011517577
1944.9	0.016978048
1944.95	0.024175619
1945	0.045966278
1945.05	0.084875316
1945.1	0.055637565
1945.15	0.000781989
1945.2	0.032397839
1945.25	0.075396246
1945.3	0.030894153
1945.35	-0.013455542
1945.4	-0.003600979
1945.45	-0.015534129
1945.5	-0.045829733
1945.55	-0.046667214
1945.6	-0.036529188
1945.65	-0.040704133
1945.7	0.00080528
1945.75	-0.027400447
1945.8	-0.087831828
1945.85	-0.051483096
1945.9	-0.011787582
1945.95	0.004243369
1946	0.047427539
1946.05	0.042399142
1946.1	0.025825747
1946.15	0.094075959
1946.2	0.046768644
1946.25	0.028364268
1946.3	0.054077577
1946.35	0.014082891
1946.4	0.054249049
1946.45	0.016520791
1946.5	-0.039117248
1946.55	0.005444501
1946.6	0.004748286
1946.65	-0.032320813
1946.7	0.018319405
1946.75	-0.008356888
1946.8	-0.108796376
1946.85	-0.078745813
1946.9	-0.046831556
1946.95	-0.060675485
1947	-0.046242751
1947.05	-0.026580107
1947.1	-0.006700549
1947.15	0.021524178
1947.2	0.02213611
1947.25	0.058538874
1947.3	0.093815747
1947.35	0.033820011
1947.4	0.013901579
1947.45	0.045998286
1947.5	0.030093855
1947.55	0.038935808
1947.6	0.061805317
1947.65	0.036975732
1947.7	0.001895378
1947.75	0.005088673
1947.8	0.002565032
1947.85	-0.069888312
1947.9	-0.062056807
1947.95	-0.023782934
1948	-0.072176359
1948.05	-0.057882543
1948.1	-0.062967205
1948.15	-0.043704379
1948.2	-0.011125007
1948.25	-0.036227426
1948.3	-0.018569904
1948.35	-0.002703997
1948.4	0.015331503
1948.45	0.011633984
1948.5	-0.001673732
1948.55	0.024876937
1948.6	0.05017875
1948.65	0.02958269
1948.7	0.025775374
1948.75	0.040692878
1948.8	0.0425552
1948.85	0.058837007
1948.9	0.072394308
1948.95	-0.018457346
1949	-0.037433654
1949.05	-0.027034288
1949.1	-0.0227027
1949.15	-0.001536426
1949.2	-0.053550852
1949.25	-0.050675063
1949.3	-0.046074476
1949.35	-0.032418049
1949.4	-0.031579607
1949.45	-0.011650669
1949.5	-0.005606768
1949.55	-0.025754727
1949.6	-0.010210544
1949.65	4.91766E-05
1949.7	0.014427456
1949.75	0.031527632
1949.8	0.058394357
1949.85	0.07485238
1949.9	0.091170459
1949.95	0.086399724
1950	0.03309005
1950.05	0.05084965
1950.1	0.077441838
1950.15	0.00203877
1950.2	-0.025408889
1950.25	-0.004139369
1950.3	-0.010768046
1950.35	-0.06994417
1950.4	-0.105533689
1950.45	-0.06058124
1950.5	0.029678507
1950.55	0.016660938
1950.6	-0.098757905
1950.65	-0.095850249
1950.7	-0.055728152
1950.75	-0.025232403
1950.8	0.01091668
1950.85	0.034583768
1950.9	0.04299274
1950.95	0.075290462
1951	0.071078176
1951.05	0.075716485
1951.1	0.108018674
1951.15	0.053196633
1951.2	0.036770626
1951.25	0.062378842
1951.3	0.032467099
1951.35	-0.027188254
1951.4	-0.045806311
1951.45	-0.023009895
1951.5	-0.024513542
1951.55	-0.041764739
1951.6	-0.058827193
1951.65	-0.086454778
1951.7	-0.075481058
1951.75	-0.073831356
1951.8	-0.061202493
1951.85	-0.038912959
1951.9	-0.01609901
1951.95	0.025167646
1952	0.042043936
1952.05	0.056116705
1952.1	0.074620538
1952.15	0.095829995
1952.2	0.093152456
1952.25	0.059032499
1952.3	0.103746162
1952.35	0.110215531
1952.4	0.044421778
1952.45	-0.002446357
1952.5	-0.037478081
1952.55	-0.007112957
1952.6	0.004586663
1952.65	-0.063797313
1952.7	-0.144792071
1952.75	-0.114745428
1952.8	-0.088249744
1952.85	-0.108753606
1952.9	-0.09112897
1952.95	-0.055696369
1953	-0.015500647
1953.05	-0.012801034
1953.1	0.000877974
1953.15	0.041381807
1953.2	0.046690603
1953.25	0.057715279
1953.3	0.121392474
1953.35	0.135216753
1953.4	0.077187463
1953.45	0.09925905
1953.5	0.114936745
1953.55	-0.010220813
1953.6	-0.011267546
1953.65	0.022522257
1953.7	-0.090102353
1953.75	-0.108272382
1953.8	-0.093169244
1953.85	-0.110654648
1953.9	-0.099383622
1953.95	-0.08263116
1954	-0.06839966
1954.05	-0.037641844
1954.1	-0.014657747
1954.15	0.001023908
1954.2	0.011905485
1954.25	0.01085365
1954.3	0.031447426
1954.35	0.046258847
1954.4	0.035261826
1954.45	0.043757821
1954.5	0.043624875
1954.55	0.032345426
1954.6	0.034874888
1954.65	0.039725759
1954.7	0.067168881
1954.75	0.018244938
1954.8	-0.031535541
1954.85	-0.0518492
1954.9	-0.018154495
1954.95	-0.018789855
1955	-0.050627742
1955.05	-0.025138174
1955.1	-0.017172317
1955.15	-0.014487667
1955.2	-0.031558943
1955.25	-0.062492914
1955.3	-0.045800445
1955.35	-0.01758967
1955.4	-0.025506123
1955.45	0.003659232
1955.5	0.016145186
1955.55	0.011899662
1955.6	0.01247899
1955.65	0.026023943
1955.7	0.045310456
1955.75	0.050546546
1955.8	0.046666092
1955.85	0.028129172
1955.9	0.032362339
1955.95	0.080097675
1956	0.031137694
1956.05	0.041319084
1956.1	0.008872853
1956.15	0.007727029
1956.2	0.001014017
1956.25	-0.108134833
1956.3	-0.069948071
1956.35	-0.049349469
1956.4	-0.032798724
1956.45	-0.025415171
1956.5	-0.046284944
1956.55	-0.03864729
1956.6	-0.025890151
1956.65	-0.026862199
1956.7	-0.011026436
1956.75	0.017699436
1956.8	0.037748808
1956.85	0.075198894
1956.9	0.06600232
1956.95	0.104685742
1957	0.100754473
1957.05	0.054688391
1957.1	0.083094954
1957.15	0.060813421
1957.2	0.01177137
1957.25	-0.018911663
1957.3	0.03373951
1957.35	0.038062897
1957.4	-0.022872085
1957.45	-0.099671117
1957.5	-0.046969137
1957.55	-0.030139382
1957.6	-0.144772456
1957.65	-0.130960411
1957.7	-0.089063272
1957.75	-0.074869689
1957.8	-0.039617751
1957.85	-0.006643973
1957.9	0.020380506
1957.95	0.048606775
1958	0.083453528
1958.05	0.115101339
1958.1	0.094089334
1958.15	0.055584666
1958.2	0.049520502
1958.25	0.089259856
1958.3	0.057332819
1958.35	-0.001712522
1958.4	-0.012957867
1958.45	-0.003428996
1958.5	-0.015506837
1958.55	-0.013686217
1958.6	-0.02987383
1958.65	-0.086090917
1958.7	-0.092651725
1958.75	-0.061124696
1958.8	-0.084446219
1958.85	-0.113126374
1958.9	-0.060877968
1958.95	-0.030819075
1959	-6.35577E-05
1959.05	0.021673081
1959.1	0.030921649
1959.15	0.049082828
1959.2	0.054147428
1959.25	0.084316563
1959.3	0.107158291
1959.35	0.049806913
1959.4	0.047927125
1959.45	0.033457498
1959.5	0.012733004
1959.55	0.015427822
1959.6	-0.002824483
1959.65	0.002044874
1959.7	-0.043826198
1959.75	-0.080933223
1959.8	-0.079435175
1959.85	-0.078263341
1959.9	-0.074624381
1959.95	-0.067348656
1960	-0.039563547
1960.05	-0.0218158
1960.1	-0.013498927
1960.15	0.00769098
1960.2	0.008699559
1960.25	0.025544437
1960.3	0.041137067
1960.35	0.031802261
1960.4	0.031649413
1960.45	0.043123399
1960.5	0.032701591
1960.55	0.006226859
1960.6	0.012039739
1960.65	0.020008986
1960.7	0.006932079
1960.75	-0.01525242
1960.8	-0.00067257
1960.85	-0.021189431
1960.9	-0.046539304
1960.95	-0.009244452
1961	-0.040871992
1961.05	-0.041566098
1961.1	-0.026497005
1961.15	-0.024148066
1961.2	0.002046366
1961.25	-0.004769944
1961.3	-0.000221356
1961.35	0.003410812
1961.4	0.000385948
1961.45	-0.004815571
1961.5	0.003654161
1961.55	0.019405356
1961.6	0.000302067
1961.65	-0.001607496
1961.7	0.012755404
1961.75	0.005326929
1961.8	0.017546507
1961.85	0.038824888
1961.9	0.011116017
1961.95	-0.035810616
1962	-0.020823815
1962.05	0.009255106
1962.1	0.009831935
1962.15	0.007500386
1962.2	-0.000319913
1962.25	-0.010089138
1962.3	-0.012044544
1962.35	-0.015824337
1962.4	-0.022567964
1962.45	-0.019471786
1962.5	-0.012259289
1962.55	-0.011680092
1962.6	-0.012637328
1962.65	-0.00893453
1962.7	-0.001840182
1962.75	0.007081043
1962.8	0.015970086
1962.85	0.023622782
1962.9	0.036710586
1962.95	0.053163352
1963	0.05339948
1963.05	0.03276117
1963.1	0.014149161
1963.15	0.009526121
1963.2	0.006791876
1963.25	-0.00358787
1963.3	-0.012659151
1963.35	-0.010939442
1963.4	-0.008530664
1963.45	-0.013930559
1963.5	-0.026258899
1963.55	-0.04274729
1963.6	-0.05306577
1963.65	-0.046028705
1963.7	-0.027635799
1963.75	-0.009817875
1963.8	0.007497592
1963.85	0.020622434
1963.9	0.025406841
1963.95	0.036250793
1964	0.062495771
1964.05	0.08004669
1964.1	0.062964213
1964.15	0.031922868
1964.2	0.020156034
1964.25	0.02435021
1964.3	0.027528124
1964.35	0.016774103
1964.4	-0.005447325
1964.45	-0.023327347
1964.5	-0.030128712
1964.55	-0.036025166
1964.6	-0.053516955
1964.65	-0.070787452
1964.7	-0.06885246
1964.75	-0.053257279
1964.8	-0.038927312
1964.85	-0.025746894
1964.9	-0.010435964
1964.95	0.003767004
1965	0.018195926
1965.05	0.034054468
1965.1	0.043611121
1965.15	0.047456865
1965.2	0.047407725
1965.25	0.041192774
1965.3	0.036910408
1965.35	0.035173033
1965.4	0.029757049
1965.45	0.022516287
1965.5	0.011631
1965.55	-0.009590553
1965.6	-0.041139309
1965.65	-0.063914089
1965.7	-0.059817672
1965.75	-0.042169975
1965.8	-0.033406521
1965.85	-0.037160186
1965.9	-0.039429237
1965.95	-0.029824724
1966	-0.014239741
1966.05	-0.00165253
1966.1	0.007946974
1966.15	0.015451725
1966.2	0.020490413
1966.25	0.026090743
1966.3	0.025851869
1966.35	0.018027968
1966.4	0.019087147
1966.45	0.030131998
1966.5	0.030249544
1966.55	0.018695909
1966.6	0.009487027
1966.65	-0.000517886
1966.7	-0.013119095
1966.75	-0.02162909
1966.8	-0.026991242
1966.85	-0.029188858
1966.9	-0.025321819
1966.95	-0.021466928
1967	-0.018949384
1967.05	-0.012942315
1967.1	-0.006784762
1967.15	-0.004753435
1967.2	-0.002960841
1967.25	0.001875183
1967.3	0.004587082
1967.35	0.002967934
1967.4	0.002570527
1967.45	0.006204955
1967.5	0.008446581
1967.55	0.0053522
1967.6	0.001168373
1967.65	-0.000203401
1967.7	0.000681805
1967.75	0.003247985
1967.8	0.005676285
1967.85	0.00670713
1967.9	0.009524061
1967.95	0.01112586
1968	0.006538939
1968.05	0.001461329
1968.1	-0.000862345
1968.15	-0.002085153
1968.2	-0.001431984
1968.25	-0.000677955
1968.3	-0.003507594
1968.35	-0.009087953
1968.4	-0.012372407
1968.45	-0.012260597
1968.5	-0.011085253
1968.55	-0.010030067
1968.6	-0.008579851
1968.65	-0.00717603
1968.7	-0.006681503
1968.75	-0.003003581
1968.8	0.009078462
1968.85	0.024578333
1968.9	0.029372413
1968.95	0.023851418
1969	0.021169036
1969.05	0.026417166
1969.1	0.034366074
1969.15	0.030442735
1969.2	0.015197454
1969.25	0.006753744
1969.3	0.001753525
1969.35	-0.011846049
1969.4	-0.023662203
1969.45	-0.026766913
1969.5	-0.029537405
1969.55	-0.033907089
1969.6	-0.034458406
1969.65	-0.030275943
1969.7	-0.024980335
1969.75	-0.017811808
1969.8	-0.007885474
1969.85	0.002568796
1969.9	0.015669778
1969.95	0.034089072
1970	0.049746987
1970.05	0.049562298
1970.1	0.041552394
1970.15	0.041932082
1970.2	0.040140067
1970.25	0.02453135
1970.3	0.009274099
1970.35	0.005237431
1970.4	0.002413412
1970.45	-0.008791487
1970.5	-0.026751122
1970.55	-0.041209254
1970.6	-0.046234658
1970.65	-0.047788509
1970.7	-0.048176781
1970.75	-0.044891015
1970.8	-0.035878431
1970.85	-0.020627112
1970.9	-0.00422992
1970.95	0.008870853
1971	0.022186477
1971.05	0.039714635
1971.1	0.055614736
1971.15	0.060983654
1971.2	0.058005345
1971.25	0.053136932
1971.3	0.04609532
1971.35	0.038222025
1971.4	0.029304507
1971.45	0.014528704
1971.5	-0.00718649
1971.55	-0.025091115
1971.6	-0.032509376
1971.65	-0.047020826
1971.7	-0.06906897
1971.75	-0.073986314
1971.8	-0.06010197
1971.85	-0.044343534
1971.9	-0.034246649
1971.95	-0.024002332
1972	-0.00871799
1972.05	0.006165706
1972.1	0.016201873
1972.15	0.027769553
1972.2	0.041327506
1972.25	0.047593712
1972.3	0.043277532
1972.35	0.032245815
1972.4	0.025126102
1972.45	0.027799548
1972.5	0.031617469
1972.55	0.025918892
1972.6	0.007163106
1972.65	-0.020974211
1972.7	-0.041535996
1972.75	-0.045037061
1972.8	-0.041713562
1972.85	-0.037752485
1972.9	-0.034733453
1972.95	-0.033304116
1973	-0.029351021
1973.05	-0.021012256
1973.1	-0.010670835
1973.15	-0.001677601
1973.2	0.007069669
1973.25	0.018962417
1973.3	0.028490797
1973.35	0.029464031
1973.4	0.026024497
1973.45	0.024746965
1973.5	0.027113934
1973.55	0.02177055
1973.6	0.008365688
1973.65	0.004568408
1973.7	0.004569192
1973.75	-0.006520195
1973.8	-0.017516249
1973.85	-0.016789039
1973.9	-0.013652214
1973.95	-0.019062238
1974	-0.026668408
1974.05	-0.025596152
1974.1	-0.01786702
1974.15	-0.010369294
1974.2	-0.001330335
1974.25	0.004943315
1974.3	0.001068
1974.35	-0.002239521
1974.4	0.001383985
1974.45	0.006742461
1974.5	0.008362739
1974.55	0.003723477
1974.6	1.0061E-05
1974.65	0.000177891
1974.7	0.004726234
1974.75	0.01144359
1974.8	0.012168158
1974.85	0.00925798
1974.9	0.008171273
1974.95	0.010490502
1975	0.014523867
1975.05	0.017770646
1975.1	0.022246405
1975.15	0.022293977
1975.2	0.010268387
1975.25	-0.008382512
1975.3	-0.02142677
1975.35	-0.021468012
1975.4	-0.01469796
1975.45	-0.012622663
1975.5	-0.019847884
1975.55	-0.025746983
1975.6	-0.023858001
1975.65	-0.021911756
1975.7	-0.020858621
1975.75	-0.015393468
1975.8	-0.003403446
1975.85	0.012065243
1975.9	0.026496763
1975.95	0.036951958
1976	0.043748254
1976.05	0.047927573
1976.1	0.04594763
1976.15	0.038855915
1976.2	0.034123704
1976.25	0.034939091
1976.3	0.027777025
1976.35	0.004412388
1976.4	-0.016616665
1976.45	-0.022359747
1976.5	-0.020525938
1976.55	-0.022314994
1976.6	-0.036026667
1976.65	-0.053049506
1976.7	-0.05553276
1976.75	-0.045905809
1976.8	-0.037271901
1976.85	-0.030014997
1976.9	-0.018125454
1976.95	0.001042802
1977	0.025775585
1977.05	0.050632158
1977.1	0.07231138
1977.15	0.082594428
1977.2	0.074970737
1977.25	0.055910633
1977.3	0.041018128
1977.35	0.031701312
1977.4	0.018688006
1977.45	0.005347651
1977.5	-0.009874283
1977.55	-0.02590751
1977.6	-0.036498646
1977.65	-0.046085953
1977.7	-0.063972056
1977.75	-0.080779514
1977.8	-0.078128363
1977.85	-0.061736104
1977.9	-0.04335616
1977.95	-0.02279701
1978	-0.000225524
1978.05	0.022122928
1978.1	0.040142121
1978.15	0.05135858
1978.2	0.05992853
1978.25	0.070377559
1978.3	0.075254413
1978.35	0.057154834
1978.4	0.030765872
1978.45	0.024411018
1978.5	0.026126699
1978.55	0.012070383
1978.6	-0.016510796
1978.65	-0.038905477
1978.7	-0.049264687
1978.75	-0.063981432
1978.8	-0.07361175
1978.85	-0.064831762
1978.9	-0.053615848
1978.95	-0.043863227
1979	-0.033606584
1979.05	-0.022685372
1979.1	-0.006426872
1979.15	0.010201821
1979.2	0.023192639
1979.25	0.034925587
1979.3	0.041811174
1979.35	0.040792132
1979.4	0.041550932
1979.45	0.043036731
1979.5	0.038908618
1979.55	0.029579808
1979.6	0.016995741
1979.65	0.009016581
1979.7	0.000700453
1979.75	-0.012338771
1979.8	-0.021442325
1979.85	-0.038474259
1979.9	-0.047340601
1979.95	-0.035147985
1980	-0.035620928
1980.05	-0.038340978
1980.1	-0.026405252
1980.15	-0.013225086
1980.2	-0.002339244
1980.25	0.007338917
1980.3	0.01585726
1980.35	0.019698655
1980.4	0.019171171
1980.45	0.020830114
1980.5	0.02267462
1980.55	0.018901118
1980.6	0.016028392
1980.65	0.014058189
1980.7	0.011172873
1980.75	0.014172538
1980.8	0.014384949
1980.85	0.010719701
1980.9	0.006868882
1980.95	-0.005396677
1981	-0.014842482
1981.05	-0.017234518
1981.1	-0.018951705
1981.15	-0.016557464
1981.2	-0.013902001
1981.25	-0.018525935
1981.3	-0.018896553
1981.35	-0.015216086
1981.4	-0.017518745
1981.45	-0.018107021
1981.5	-0.016324279
1981.55	-0.013107112
1981.6	-0.006712507
1981.65	0.002692595
1981.7	0.013037493
1981.75	0.024709624
1981.8	0.033821394
1981.85	0.038160121
1981.9	0.045788669
1981.95	0.049391111
1982	0.041117537
1982.05	0.034064705
1982.1	0.026099656
1982.15	0.012534511
1982.2	0.001795705
1982.25	-0.00792266
1982.3	-0.022067191
1982.35	-0.035741076
1982.4	-0.041798237
1982.45	-0.047274791
1982.5	-0.053889203
1982.55	-0.051979108
1982.6	-0.046290687
1982.65	-0.0398908
1982.7	-0.026417993
1982.75	-0.006666319
1982.8	0.012939337
1982.85	0.032378828
1982.9	0.053829599
1982.95	0.068508817
1983	0.073956193
1983.05	0.076760393
1983.1	0.080286114
1983.15	0.080569267
1983.2	0.070748501
1983.25	0.048796919
1983.3	0.017421388
1983.35	-0.005978382
1983.4	-0.035136219
1983.45	-0.058868732
1983.5	-0.063633117
1983.55	-0.069095298
1983.6	-0.080362225
1983.65	-0.091691074
1983.7	-0.085738521
1983.75	-0.067254289
1983.8	-0.045668481
1983.85	-0.02073108
1983.9	0.005719664
1983.95	0.025613928
1984	0.043723873
1984.05	0.06232436
1984.1	0.075641003
1984.15	0.087359121
1984.2	0.087656126
1984.25	0.082024238
1984.3	0.073168624
1984.35	0.05341884
1984.4	0.024359639
1984.45	-0.001401312
1984.5	-0.021148797
1984.55	-0.040531464
1984.6	-0.056449677
1984.65	-0.074741379
1984.7	-0.079287815
1984.75	-0.081663882
1984.8	-0.081008141
1984.85	-0.067756489
1984.9	-0.058833791
1984.95	-0.043219858
1985	-0.015825616
1985.05	0.007911394
1985.1	0.026511033
1985.15	0.048847477
1985.2	0.064933947
1985.25	0.068846689
1985.3	0.072828123
1985.35	0.06677117
1985.4	0.053967675
1985.45	0.040235877
1985.5	0.024559623
1985.55	0.014380629
1985.6	0.000766526
1985.65	-0.018359823
1985.7	-0.039692356
1985.75	-0.058960482
1985.8	-0.064222316
1985.85	-0.05745977
1985.9	-0.053489552
1985.95	-0.050815793
1986	-0.047391204
1986.05	-0.039809235
1986.1	-0.025043965
1986.15	-0.009547562
1986.2	0.005456297
1986.25	0.021279415
1986.3	0.031744397
1986.35	0.036641632
1986.4	0.038872397
1986.45	0.039312382
1986.5	0.037809727
1986.55	0.030409602
1986.6	0.024041908
1986.65	0.017934299
1986.7	0.006381274
1986.75	-0.000658008
1986.8	-0.003905437
1986.85	-0.015601272
1986.9	-0.025514971
1986.95	-0.024718835
1987	-0.0283434
1987.05	-0.031706703
1987.1	-0.025845087
1987.15	-0.024935578
1987.2	-0.021904461
1987.25	-0.014988705
1987.3	-0.011432147
1987.35	-0.007275418
1987.4	-0.00293952
1987.45	0.002943325
1987.5	0.008436602
1987.55	0.012858115
1987.6	0.01752876
1987.65	0.020131893
1987.7	0.024817792
1987.75	0.029394291
1987.8	0.029630569
1987.85	0.035602964
1987.9	0.037903555
1987.95	0.030352825
1988	0.022268483
1988.05	0.017427372
1988.1	0.009317442
1988.15	0.006015604
1988.2	-0.008097692
1988.25	-0.029306931
1988.3	-0.027129571
1988.35	-0.03115509
1988.4	-0.044741792
1988.45	-0.042703873
1988.5	-0.037103756
1988.55	-0.039474322
1988.6	-0.037415429
1988.65	-0.029086225
1988.7	-0.018683113
1988.75	-0.001286191
1988.8	0.020569503
1988.85	0.040716516
1988.9	0.057911826
1988.95	0.061571154
1989	0.053972519
1989.05	0.049331696
1989.1	0.047919897
1989.15	0.045314957
1989.2	0.035297173
1989.25	0.020312779
1989.3	0.005020445
1989.35	-0.012279127
1989.4	-0.025853974
1989.45	-0.036871399
1989.5	-0.047365932
1989.55	-0.057531596
1989.6	-0.061950871
1989.65	-0.063657067
1989.7	-0.063550447
1989.75	-0.052173086
1989.8	-0.032184348
1989.85	-0.007505376
1989.9	0.015628098
1989.95	0.03505112
1990	0.051928711
1990.05	0.073473003
1990.1	0.08500988
1990.15	0.086594681
1990.2	0.086978314
1990.25	0.081129778
1990.3	0.066736518
1990.35	0.044101756
1990.4	0.020273277
1990.45	-0.007993033
1990.5	-0.030665765
1990.55	-0.0518396
1990.6	-0.066094199
1990.65	-0.076555004
1990.7	-0.090028732
1990.75	-0.093974708
1990.8	-0.083141476
1990.85	-0.065225001
1990.9	-0.048794048
1990.95	-0.02814093
1991	-0.005375918
1991.05	0.016942726
1991.1	0.040360743
1991.15	0.061300758
1991.2	0.080198997
1991.25	0.090791106
1991.3	0.092209424
1991.35	0.084759527
1991.4	0.071778676
1991.45	0.058472941
1991.5	0.03692405
1991.55	0.011096752
1991.6	-0.021557993
1991.65	-0.044123913
1991.7	-0.057422412
1991.75	-0.077874168
1991.8	-0.082671099
1991.85	-0.077007837
1991.9	-0.076794756
1991.95	-0.068360068
1992	-0.055084787
1992.05	-0.040390232
1992.1	-0.022702358
1992.15	-0.003870873
1992.2	0.019254442
1992.25	0.03695544
1992.3	0.048131663
1992.35	0.055015226
1992.4	0.054545252
1992.45	0.055911522
1992.5	0.054394894
1992.55	0.052301713
1992.6	0.053563062
1992.65	0.0394277
1992.7	0.013490601
1992.75	-0.002608358
1992.8	-0.015515341
1992.85	-0.028370588
1992.9	-0.041826394
1992.95	-0.053411155
1993	-0.057540404
1993.05	-0.059569958
1993.1	-0.057712915
1993.15	-0.05072375
1993.2	-0.043118719
1993.25	-0.031407748
1993.3	-0.013539699
1993.35	0.000364647
1993.4	0.009506626
1993.45	0.017212499
1993.5	0.02224183
1993.55	0.030906107
1993.6	0.041803514
1993.65	0.044565576
1993.7	0.044664055
1993.75	0.046017815
1993.8	0.041611141
1993.85	0.032398119
1993.9	0.028535869
1993.95	0.025842334
1994	0.015103108
1994.05	-0.000535277
1994.1	-0.012492958
1994.15	-0.024642337
1994.2	-0.036456194
1994.25	-0.041739969
1994.3	-0.046810517
1994.35	-0.049616936
1994.4	-0.050590091
1994.45	-0.049242483
1994.5	-0.040916328
1994.55	-0.028323378
1994.6	-0.015351796
1994.65	-0.001970013
1994.7	0.015202875
1994.75	0.033461731
1994.8	0.049728134
1994.85	0.060510663
1994.9	0.064802162
1994.95	0.071049667
1995	0.069068046
1995.05	0.060026763
1995.1	0.053032573
1995.15	0.041925757
1995.2	0.030990466
1995.25	0.017671377
1995.3	-0.001046077
1995.35	-0.025775419
1995.4	-0.049383074
1995.45	-0.068446073
1995.5	-0.083979426
1995.55	-0.091336886
1995.6	-0.088481846
1995.65	-0.076796197
1995.7	-0.059936722
1995.75	-0.042446875
1995.8	-0.02204087
1995.85	0.002838223
1995.9	0.030427169
1995.95	0.052701762
1996	0.065198352
1996.05	0.079425268
1996.1	0.088920383
1996.15	0.092960742
1996.2	0.089538482
1996.25	0.07540749
1996.3	0.061607571
1996.35	0.04212798
1996.4	0.00906799
1996.45	-0.026474253
1996.5	-0.049438866
1996.55	-0.067230246
1996.6	-0.077101357
1996.65	-0.091810075
1996.7	-0.101905486
1996.75	-0.090934195
1996.8	-0.077703471
1996.85	-0.059912022
1996.9	-0.036542732
1996.95	-0.011633367
1997	0.010659529
1997.05	0.030261905
1997.1	0.048530364
1997.15	0.064814875
1997.2	0.077626251
1997.25	0.083801434
1997.3	0.079956325
1997.35	0.069772525
1997.4	0.05252165
1997.45	0.030085307
1997.5	0.006856363
1997.55	-0.014094367
1997.6	-0.033532704
1997.65	-0.042937632
1997.7	-0.059050975
1997.75	-0.071287898
1997.8	-0.068834101
1997.85	-0.068449365
1997.9	-0.06089073
1997.95	-0.049817683
1998	-0.032352159
1998.05	-0.011806443
1998.1	0.007026225
1998.15	0.024779154
1998.2	0.038856969
1998.25	0.049401551
1998.3	0.054592178
1998.35	0.054074928
1998.4	0.050531006
1998.45	0.040707335
1998.5	0.035634585
1998.55	0.030459355
1998.6	0.01334316
1998.65	-0.002233751
1998.7	-0.016712094
1998.75	-0.030046381
1998.8	-0.036778151
1998.85	-0.049698074
1998.9	-0.054175599
1998.95	-0.039846291
1999	-0.034334588
1999.05	-0.033384609
1999.1	-0.023248911
1999.15	-0.013036594
1999.2	-0.006993541
1999.25	0.000754062
1999.3	0.011261324
1999.35	0.018135171
1999.4	0.019509536
1999.45	0.018592571
1999.5	0.020670328
1999.55	0.020566003
1999.6	0.020583964
1999.65	0.01874932
1999.7	0.013868838
1999.75	0.00948923
1999.8	0.000454523
1999.85	-0.003461642
1999.9	0.001831778
1999.95	0.000428118
2000	-0.002523604
2000.05	-0.001066927
2000.1	-0.006130162
2000.15	-0.010331952
2000.2	-0.011948893
2000.25	-0.008484497
2000.3	-0.007284345
2000.35	-0.010956285
2000.4	-0.013122166
2000.45	-0.023220305
2000.5	-0.027707653
2000.55	-0.021621637
2000.6	-0.015295456
2000.65	-0.009996147
2000.7	-0.001645571
2000.75	0.011767609
2000.8	0.028044191
2000.85	0.041544784
2000.9	0.045860642
2000.95	0.050858637
2001	0.051116051
2001.05	0.042849461
2001.1	0.04046537
2001.15	0.033668204
2001.2	0.021632223
2001.25	0.008133704
2001.3	-0.010969994
2001.35	-0.033365827
2001.4	-0.048779973
2001.45	-0.056732779
2001.5	-0.064701405
2001.55	-0.068587416
2001.6	-0.067495858
2001.65	-0.055455209
2001.7	-0.037841283
2001.75	-0.018581571
2001.8	0.005452274
2001.85	0.02841516
2001.9	0.051704636
2001.95	0.073172499
2002	0.078507157
2002.05	0.076143728
2002.1	0.077663099
2002.15	0.079084289
2002.2	0.062995939
2002.25	0.036798217
2002.3	0.016561125
2002.35	-0.002731554
2002.4	-0.018906764
2002.45	-0.043259276
2002.5	-0.06979791
2002.55	-0.074332551
2002.6	-0.069267391
2002.65	-0.073396416
2002.7	-0.074127417
2002.75	-0.064279768
2002.8	-0.050209897
2002.85	-0.029710621
2002.9	-0.003917905
2002.95	0.022525718
2003	0.043931061
2003.05	0.056425188
2003.1	0.064952057
2003.15	0.072261654
2003.2	0.076756509
2003.25	0.073966328
2003.3	0.064366832
2003.35	0.04940637
2003.4	0.028445025
2003.45	0.011699917
2003.5	-0.00758667
2003.55	-0.036744328
2003.6	-0.055681682
2003.65	-0.072497312
2003.7	-0.082633791
2003.75	-0.083000934
2003.8	-0.075597512
2003.85	-0.062751514
2003.9	-0.048724828
2003.95	-0.026996753
2004	-0.005115319
2004.05	0.015396219
2004.1	0.034191096
2004.15	0.047931564
2004.2	0.059941566
2004.25	0.07029315
2004.3	0.070075986
2004.35	0.060550946
2004.4	0.048353126
2004.45	0.041744795
2004.5	0.031891163
2004.55	0.012471799
2004.6	0.001549993
2004.65	-0.019701706
2004.7	-0.048057911
2004.75	-0.060181765
2004.8	-0.060733451
2004.85	-0.057683165
2004.9	-0.06157006
2004.95	-0.055416677
2004.997489	-0.041343295
2005.047489	-0.031672981
2005.097489	-0.018375456
2005.147489	0.00092665
2005.197489	0.015594645
2005.247489	0.027968983
2005.297489	0.040992344
2005.347489	0.043114615
2005.397489	0.040816706
2005.447489	0.03952186
2005.497489	0.031933852
2005.547489	0.020050551
2005.597489	0.011199591
2005.647489	0.000601187
2005.697489	-0.007193249
2005.747489	-0.009577069
2005.797489	-0.015244384
2005.847489	-0.014793094
2005.897489	-0.006114386
2005.947489	-0.00564074
2005.997489	-0.008656505
2006.047489	-0.000410428
2006.097489	0.004994633
2006.147489	0.001989419
2006.197489	-0.001710153
2006.247489	-0.00818962
2006.297489	-0.013077041
2006.347489	-0.014444198
2006.397489	-0.019678356
2006.447489	-0.024010288
2006.497489	-0.025377012
2006.547489	-0.023687633
2006.597489	-0.019630266
2006.647489	-0.013150674
2006.697489	-0.007682623
2006.747489	-0.000123153
2006.797489	0.013012913
2006.847489	0.02074551
2006.897489	0.028384856
2006.947489	0.03343516
2006.997489	0.03916096
2007.047489	0.046710809
2007.097489	0.046679185
2007.147489	0.043443943
2007.197489	0.039239223
2007.247489	0.031369848
2007.297489	0.014174958
2007.347489	-0.00576607
2007.397489	-0.020561422
2007.447489	-0.028257451
2007.497489	-0.04094932
2007.547489	-0.060985808
2007.597489	-0.067984307
2007.647489	-0.061366331
2007.697489	-0.056665844
2007.747489	-0.04561042
2007.797489	-0.021574959
2007.847489	-0.00021246
2007.897489	0.017032404
2007.947489	0.030618581
2007.997489	0.046006181
2008.047489	0.060883564
2008.097489	0.068883407
2008.147489	0.073935476
2008.197489	0.074855157
2008.247489	0.0640594
2008.297489	0.048546202
2008.347489	0.031646188
2008.397489	0.009230523
2008.447489	-0.01137098
2008.497489	-0.030233741
2008.547489	-0.04972279
2008.597489	-0.06720029
2008.647489	-0.0781555
2008.697489	-0.086750104
2008.747489	-0.085767436
2008.797489	-0.070226024
2008.847489	-0.048528581
2008.897489	-0.027694356
2008.947489	-0.008425605
2008.997489	0.015730149
2009.047489	0.041039703
2009.097489	0.061701911
2009.147489	0.075071841
2009.197489	0.081366457
2009.247489	0.081013765
2009.297489	0.073091369
2009.347489	0.061533385
2009.397489	0.046260286
2009.447489	0.022058885
2009.497489	0.004163962
2009.547489	-0.018956781
2009.597489	-0.044509269
2009.647489	-0.061262584
2009.697489	-0.077479569
2009.747489	-0.077648156
2009.797489	-0.069176085
2009.847489	-0.064512828
2009.897489	-0.054179289
2009.947489	-0.032646337
2009.997489	-0.016986163
2010.047489	-0.00186662
2010.097489	0.020630239
2010.147489	0.036529475
2010.197489	0.045837492
2010.247489	0.056021378
2010.297489	0.061776281
2010.347489	0.058852099
2010.397489	0.05348698
2010.447489	0.041221465
2010.497489	0.020510092
2010.547489	-0.00322759
2010.597489	-0.015581571
2010.647489	-0.02333008
2010.697489	-0.03903191
2010.747489	-0.051692275
2010.797489	-0.058724547
2010.847489	-0.057275896
2010.897489	-0.048915327
2010.947489	-0.043317225
2010.997489	-0.036521997
2011.047489	-0.01571862
2011.097489	0.006143951
2011.147489	0.019292567
2011.197489	0.029854755
2011.247489	0.040553728
2011.297489	0.050282226
2011.347489	0.053284479
2011.397489	0.047577743
2011.447489	0.03635258
2011.497489	0.029831563
2011.547489	0.017233136
2011.597489	-0.002174345
2011.647489	-0.013640171
2011.697489	-0.030949349
2011.747489	-0.04086412
2011.797489	-0.039269667
2011.847489	-0.041853866
2011.897489	-0.036437674
2011.947489	-0.030131812
2011.997489	-0.026356936
2012.047489	-0.016078138
2012.097489	0.000475659
2012.147489	0.015962293
2012.197489	0.025364006
2012.247489	0.039571109
2012.297489	0.045464763
2012.347489	0.032792533
2012.397489	0.023159708
2012.447489	0.020385253
2012.497489	0.014063619
2012.547489	0.004274033
2012.597489	-0.005638297
2012.647489	-0.021839758
2012.697489	-0.033992738
2012.747489	-0.035809352
2012.797489	-0.026767366
2012.847489	-0.016441206
2012.897489	-0.016122782
2012.947489	-0.01664419
2012.997489	-0.00617813
2013.047489	0.011975002
2013.097489	0.020086455
2013.147489	0.025894602
2013.197489	0.0309616
2013.247489	0.027862336
2013.297489	0.023020361
2013.347489	0.02076501
2013.397489	0.008979822
2013.447489	-0.003289537
2013.497489	-0.009178654
2013.547489	-0.017205177
2013.597489	-0.026437491
2013.647489	-0.033813776
2013.697489	-0.035287513
2013.747489	-0.030839834
2013.797489	-0.016471394
2013.847489	-0.003134852
2013.897489	0.008531661
2013.947489	0.014602568
2013.997489	0.01676525
2014.047489	0.023657144
2014.097489	0.032685474
2014.147489	0.035546983
2014.197489	0.033571246
2014.247489	0.032744761
2014.297489	0.027638935
2014.347489	0.018644355
2014.397489	0.002765539
2014.447489	-0.011542673
2014.497489	-0.020050478
2014.547489	-0.022000891
2014.597489	-0.024809389
2014.647489	-0.0377525
2014.697489	-0.046453636
2014.747489	-0.047169547
2014.797489	-0.039992363
2014.847489	-0.02184932
2014.897489	-0.003757653
2014.947489	0.006721346
2014.997489	0.012431965
2015.047489	0.02408648
2015.097489	0.034682114
2015.147489	0.036698659
2015.197489	0.037251477
2015.247489	0.036923465
2015.297489	0.037530915
2015.347489	0.034480055
2015.397489	0.022039201
2015.447489	0.009439467
2015.497489	-0.00021035
2015.547489	-0.009953522
2015.597489	-0.024171907
2015.647489	-0.037684328
2015.697489	-0.050000962
2015.747489	-0.057113285
2015.797489	-0.049332052
2015.847489	-0.036618584
2015.897489	-0.023860242
2015.947489	-0.011121918
2015.997489	0.009106784
2016.047489	0.026629303
2016.097489	0.038132689
2016.147489	0.052019446
2016.197489	0.05960699
2016.247489	0.060352697
2016.297489	0.055770907
2016.347489	0.044139801
2016.397489	0.024972728
2016.447489	0.005429044
2016.497489	-0.007378764
2016.547489	-0.014954152
2016.597489	-0.035232225
2016.647489	-0.050121167
2016.697489	-0.051929633
2016.747489	-0.057307253
2016.797489	-0.054542707
2016.847489	-0.042682511
2016.897489	-0.025430234
2016.947489	-0.015423763
2016.997489	-0.008000655
2017.047489	0.007279311
2017.097489	0.021668616
2017.147489	0.035225012
2017.197489	0.045025474
2017.247489	0.049949475
2017.297489	0.0538921
2017.347489	0.046165857
2017.397489	0.025699992
2017.447489	0.012126904
2017.497489	0.001584564
2017.547489	-0.019545671
2017.597489	-0.034084229
2017.647489	-0.036826199
2017.697489	-0.047570567
2017.747489	-0.056110901
2017.797489	-0.049269778
2017.847489	-0.039199639
2017.897489	-0.028669386
2017.947489	-0.011435439
2017.997489	0.0079194
2018.047489	0.023525288
2018.097489	0.037505623
2018.147489	0.04817562
2018.197489	0.047750552
2018.247489	0.04745784
2018.297489	0.044348138
2018.347489	0.02823453
2018.397489	0.012492227
2018.447489	-0.000781002
2018.497489	-0.00531703
2018.547489	-0.012415846
2018.597489	-0.024856824
