offs    0.00000000000
bg      0.00000000000
impA   -9.01970149623
impB    0.00000000000
impC    2.94354449233
delA    9.03184871486
delB    0.25000000000
asym    0.00000000000
ann1    0.00000000000
ann2    0.00000000000
sem1    0.00000000000
sem2    0.00000000000
year    0.00000000000
IR      0.00000000000
ma      0.00000000000
mp      0.00000000000
shfT    0.00000000000
init    0.00000000000
   9.10846048930   0.00520658756  -0.53014605754
  29.53064709680   0.00653479071  -2.07464986159
  27.09261953873   0.00208771752   2.13637460778
   6.82354927062  -0.00282018018   0.68855788004
   6.85248206692   0.00926145947   3.37529878129
  13.60611041000   0.01094299397  -0.13486444157
  13.66081618500   0.32595760647  -2.21426612269
3397.64080307470   0.00725446888  -0.56881507060
   9.12068594402   0.04717853568  -2.39724000304
  13.77727494000   0.01529517671   1.29226497313
6795.28160614939   0.00387109884   2.11146696408
  27.55454988000   0.08866241307   2.10582585002
  27.66673720859   0.00441120391  -2.69908902365
  27.44326870576   0.00672044036   0.47373275662
1616.09851046018   0.00261847010   1.25433580893
   6.85939920631   0.01423422552   2.17226114346
   6.83040809250  -0.00040497818  -1.75407009518
   9.55687890421   0.01346951167   1.72689347675
   9.13294426107   0.07352234137   2.96032302676
  27.32163237000   0.00620997789   1.70893554691
  27.21222082000   0.00103856574   2.02886890502
   9.18484996000   0.00599428497   0.48939460324
  14.76532354840   0.02516250665   0.60237567932
  31.81207632578   0.01756184841   1.79546413185
   9.06950090247  -0.00250189941  -1.52385688811
  13.63340841926   0.12704736468  -1.28202342203
  26.98503088862  -0.00363614749   1.72455100678
ltep    0.63666928949
ltep   47.64293406497
ltep   13.51699474089
ltep   99.99603542145
ltep   11.12583494929
ltep  186.50932648667
ltep  584.41757077944
ltep   69.99826632624
ltep  160.40293227899
ltep  397.60388762234
ltep    0.49993636262
harm  5
harm  10
harm  15
harm  25
harm  190
harm  0
