1880.002093	-0.55
1880.085426	-0.18
1880.16876	-0.24
1880.252093	-0.37
1880.335426	-0.83
1880.41876	-0.67
1880.502093	-0.77
1880.585426	-0.69
1880.66876	-0.83
1880.752093	-0.93
1880.835426	-1.14
1880.91876	-1.02
1881.002093	0.29
1881.085426	0.23
1881.16876	0.32
1881.252093	0.41
1881.335426	0.16
1881.41876	0.23
1881.502093	-0.26
1881.585426	-0.17
1881.66876	-0.33
1881.752093	-0.43
1881.835426	-0.59
1881.91876	-0.37
1882.002093	-0.45
1882.085426	-0.55
1882.16876	-0.53
1882.252093	0.1
1882.335426	0.01
1882.41876	-0.4
1882.502093	-0.57
1882.585426	-0.33
1882.66876	-0.51
1882.752093	-0.65
1882.835426	-0.92
1882.91876	-0.75
1883.002093	-0.46
1883.085426	-0.49
1883.16876	-0.4
1883.252093	-0.23
1883.335426	-0.38
1883.41876	-0.21
1883.502093	-0.01
1883.585426	-0.03
1883.66876	-0.17
1883.752093	-0.42
1883.835426	-0.22
1883.91876	-0.14
1884.002093	-0.11
1884.085426	-0.01
1884.16876	0
1884.252093	0.26
1884.335426	0.4
1884.41876	-0.13
1884.502093	0.28
1884.585426	0.2
1884.66876	0.18
1884.752093	0.29
1884.835426	0.3
1884.91876	0.35
1885.002093	0.12
1885.085426	0.27
1885.16876	0.12
1885.252093	-0.02
1885.335426	0.44
1885.41876	0.17
1885.502093	0.08
1885.585426	0.34
1885.66876	0.52
1885.752093	0.72
1885.835426	0.81
1885.91876	1.02
1886.002093	0.17
1886.085426	-0.1
1886.16876	-0.11
1886.252093	-0.37
1886.335426	-0.85
1886.41876	-0.9
1886.502093	-0.97
1886.585426	-1.03
1886.66876	-1.21
1886.752093	-1.14
1886.835426	-1.34
1886.91876	-1.44
1887.002093	-0.68
1887.085426	-1.02
1887.16876	-1.17
1887.252093	-1.18
1887.335426	-1.14
1887.41876	-0.56
1887.502093	-0.55
1887.585426	-0.62
1887.66876	-0.34
1887.752093	-0.12
1887.835426	0.04
1887.91876	0.15
1888.002093	0.15
1888.085426	0.66
1888.16876	0.4
1888.252093	0.3
1888.335426	0.47
1888.41876	0.4
1888.502093	0.56
1888.585426	0.93
1888.66876	0.58
1888.752093	1.42
1888.835426	2.21
1888.91876	1.67
1889.002093	1.98
1889.085426	1.47
1889.16876	0.83
1889.252093	0.46
1889.335426	0.32
1889.41876	0.09
1889.502093	-0.76
1889.585426	-0.99
1889.66876	-0.92
1889.752093	-1.31
1889.835426	-1.08
1889.91876	-1.25
1890.002093	-2.49
1890.085426	-2.11
1890.16876	-1.15
1890.252093	-1.14
1890.335426	-1
1890.41876	-0.86
1890.502093	-0.92
1890.585426	-1.38
1890.66876	-1.29
1890.752093	-1.26
1890.835426	-1.07
1890.91876	-0.68
1891.002093	-0.45
1891.085426	-0.25
1891.16876	-0.07
1891.252093	0.15
1891.335426	0.13
1891.41876	0.29
1891.502093	0.11
1891.585426	0.05
1891.66876	-0.08
1891.752093	-0.03
1891.835426	0.06
1891.91876	0.01
1892.002093	-0.5
1892.085426	-0.34
1892.16876	-0.58
1892.252093	-0.65
1892.335426	-0.72
1892.41876	-0.57
1892.502093	-0.62
1892.585426	-0.63
1892.66876	-1.07
1892.752093	-1.54
1892.835426	-1.62
1892.91876	-1.18
1893.002093	-1.23
1893.085426	-1.16
1893.16876	-1.24
1893.252093	-1.3
1893.335426	-1.32
1893.41876	-1.19
1893.502093	-1.32
1893.585426	-1.29
1893.66876	-1.28
1893.752093	-1.36
1893.835426	-1.3
1893.91876	-1
1894.002093	-1.09
1894.085426	-1.13
1894.16876	-1.06
1894.252093	-0.92
1894.335426	-1
1894.41876	-0.84
1894.502093	-0.88
1894.585426	-0.8
1894.66876	-1.1
1894.752093	-0.82
1894.835426	-0.92
1894.91876	-0.48
1895.002093	-0.73
1895.085426	-0.49
1895.16876	-0.4
1895.252093	-0.17
1895.335426	-0.03
1895.41876	-0.21
1895.502093	-0.26
1895.585426	0.36
1895.66876	0.42
1895.752093	0.32
1895.835426	0.44
1895.91876	0.48
1896.002093	0.16
1896.085426	0.09
1896.16876	0.15
1896.252093	-0.01
1896.335426	-0.04
1896.41876	-0.21
1896.502093	0.43
1896.585426	1.05
1896.66876	1.04
1896.752093	1.1
1896.835426	1.51
1896.91876	1.55
1897.002093	1.49
1897.085426	1.14
1897.16876	0.54
1897.252093	-0.22
1897.335426	-0.17
1897.41876	-0.02
1897.502093	0.07
1897.585426	-0.15
1897.66876	-0.24
1897.752093	-0.57
1897.835426	-0.61
1897.91876	-0.4
1898.002093	-0.51
1898.085426	-0.57
1898.16876	-0.79
1898.252093	-0.61
1898.335426	-0.59
1898.41876	-0.28
1898.502093	-0.63
1898.585426	-0.76
1898.66876	-0.19
1898.752093	-0.33
1898.835426	-0.66
1898.91876	-0.78
1899.002093	-0.75
1899.085426	-0.71
1899.16876	-0.56
1899.252093	-0.34
1899.335426	0.04
1899.41876	0.09
1899.502093	-0.02
1899.585426	0.63
1899.66876	0.43
1899.752093	0.92
1899.835426	1.29
1899.91876	1.51
1900.002093	1.41
1900.085426	1.29
1900.16876	0.99
1900.252093	0.66
1900.335426	0.54
1900.41876	0.76
1900.502093	0.75
1900.585426	0.78
1900.66876	0.56
1900.752093	0.42
1900.835426	0.14
1900.91876	0.6
1901.002093	0.82
1901.085426	0.29
1901.16876	0.05
1901.252093	-0.13
1901.335426	-0.19
1901.41876	-0.26
1901.502093	-0.3
1901.585426	-0.38
1901.66876	-0.3
1901.752093	-0.31
1901.835426	-0.39
1901.91876	-0.35
1902.002093	-0.5
1902.085426	-0.26
1902.16876	-0.27
1902.252093	0.2
1902.335426	0.47
1902.41876	0.77
1902.502093	1.44
1902.585426	1.21
1902.66876	1.44
1902.752093	1.4
1902.835426	1.54
1902.91876	1.39
1903.002093	1.33
1903.085426	0.93
1903.16876	0.79
1903.252093	0.36
1903.335426	-0.1
1903.41876	0.29
1903.502093	-0.49
1903.585426	-0.32
1903.66876	-0.6
1903.752093	-0.42
1903.835426	-0.76
1903.91876	-1.02
1904.002093	-0.73
1904.085426	-0.79
1904.16876	-0.85
1904.252093	-0.72
1904.335426	-0.4
1904.41876	0.14
1904.502093	0.75
1904.585426	0.54
1904.66876	0.01
1904.752093	0.91
1904.835426	0.15
1904.91876	0.86
1905.002093	0.68
1905.085426	0.72
1905.16876	0.92
1905.252093	0.29
1905.335426	1.08
1905.41876	0.59
1905.502093	0.82
1905.585426	1.04
1905.66876	1.42
1905.752093	1.12
1905.835426	0.83
1905.91876	1.17
1906.002093	0.89
1906.085426	0.67
1906.16876	0.8
1906.252093	0.45
1906.335426	0.02
1906.41876	0.15
1906.502093	-0.49
1906.585426	-0.37
1906.66876	-0.81
1906.752093	-0.87
1906.835426	-0.33
1906.91876	-0.51
1907.002093	-0.57
1907.085426	-0.41
1907.16876	-0.43
1907.252093	-0.56
1907.335426	-0.47
1907.41876	-0.41
1907.502093	-0.55
1907.585426	-0.65
1907.66876	0.13
1907.752093	-0.25
1907.835426	-0.25
1907.91876	-0.09
1908.002093	-0.27
1908.085426	0.07
1908.16876	-0.63
1908.252093	-0.55
1908.335426	-0.45
1908.41876	-0.22
1908.502093	-0.63
1908.585426	-0.4
1908.66876	-0.52
1908.752093	-0.5
1908.835426	-0.88
1908.91876	-1.15
1909.002093	-0.29
1909.085426	-0.88
1909.16876	-0.54
1909.252093	-0.68
1909.335426	-0.36
1909.41876	-1.1
1909.502093	-1
1909.585426	-0.97
1909.66876	-0.85
1909.752093	-1.24
1909.835426	-1.5
1909.91876	-1.08
1910.002093	-0.93
1910.085426	-0.64
1910.16876	-0.79
1910.252093	-1.17
1910.335426	-1.41
1910.41876	-1.04
1910.502093	-0.88
1910.585426	-0.9
1910.66876	-1.29
1910.752093	-0.94
1910.835426	-0.53
1910.91876	-0.64
1911.002093	-0.57
1911.085426	-0.58
1911.16876	-0.82
1911.252093	-1.11
1911.335426	-1.05
1911.41876	-0.64
1911.502093	-0.22
1911.585426	-0.28
1911.66876	0.22
1911.752093	0.2
1911.835426	0.84
1911.91876	0.96
1912.002093	1.55
1912.085426	0.83
1912.16876	0.69
1912.252093	0.58
1912.335426	0
1912.41876	-0.24
1912.502093	-0.1
1912.585426	-0.4
1912.66876	0.09
1912.752093	-0.13
1912.835426	0.16
1912.91876	-0.49
1913.002093	-0.2
1913.085426	0.18
1913.16876	0.16
1913.252093	-0.77
1913.335426	-0.28
1913.41876	-0.16
1913.502093	-0.15
1913.585426	-0.09
1913.66876	0.05
1913.752093	0.03
1913.835426	0.8
1913.91876	0.85
1914.002093	0.7
1914.085426	0.8
1914.16876	0.32
1914.252093	0.69
1914.335426	0.01
1914.41876	0.08
1914.502093	0.53
1914.585426	0.92
1914.66876	0.68
1914.752093	0.26
1914.835426	0.3
1914.91876	0.68
1915.002093	0.88
1915.085426	0.65
1915.16876	0.49
1915.252093	0.47
1915.335426	0.52
1915.41876	1.1
1915.502093	0.07
1915.585426	0.05
1915.66876	0.17
1915.752093	0.24
1915.835426	-0.15
1915.91876	-0.23
1916.002093	-0.12
1916.085426	-0.61
1916.16876	-0.54
1916.252093	-0.63
1916.335426	-0.23
1916.41876	-0.36
1916.502093	-1.11
1916.585426	-1.48
1916.66876	-1.36
1916.752093	-1.36
1916.835426	-1.72
1916.91876	-1.64
1917.002093	-1.56
1917.085426	-1.2
1917.16876	-0.64
1917.252093	-0.29
1917.335426	-0.3
1917.41876	-0.04
1917.502093	-0.05
1917.585426	0.15
1917.66876	-0.03
1917.752093	0.04
1917.835426	-0.43
1917.91876	-0.72
1918.002093	-0.84
1918.085426	-0.82
1918.16876	-0.96
1918.252093	-0.56
1918.335426	-0.17
1918.41876	0.37
1918.502093	-0.07
1918.585426	0.12
1918.66876	0.41
1918.752093	0.93
1918.835426	1.23
1918.91876	1.3
1919.002093	1.6
1919.085426	1.24
1919.16876	0.9
1919.252093	0.69
1919.335426	0.63
1919.41876	0.61
1919.502093	0.4
1919.585426	0.62
1919.66876	0.5
1919.752093	0.13
1919.835426	-0.37
1919.91876	0.34
1920.002093	0.64
1920.085426	0.6
1920.16876	0.53
1920.252093	-0.16
1920.335426	-0.21
1920.41876	0.29
1920.502093	0.15
1920.585426	0.13
1920.66876	0.27
1920.752093	0.48
1920.835426	-0.08
1920.91876	-0.01
1921.002093	0.43
1921.085426	-0.52
1921.16876	-1.42
1921.252093	-0.55
1921.335426	-0.92
1921.41876	-0.21
1921.502093	-0.27
1921.585426	-0.29
1921.66876	-0.17
1921.752093	0.04
1921.835426	-1.03
1921.91876	-0.5
1922.002093	-0.54
1922.085426	-0.07
1922.16876	0.08
1922.252093	-0.54
1922.335426	0.22
1922.41876	-0.44
1922.502093	-0.44
1922.585426	-0.78
1922.66876	-0.38
1922.752093	-0.26
1922.835426	-0.31
1922.91876	-0.53
1923.002093	-0.41
1923.085426	-0.76
1923.16876	-0.85
1923.252093	-0.55
1923.335426	-0.25
1923.41876	-0.15
1923.502093	-0.2
1923.585426	0.2
1923.66876	0.64
1923.752093	0.79
1923.835426	0.87
1923.91876	1.02
1924.002093	0.46
1924.085426	0.63
1924.16876	0.39
1924.252093	-0.02
1924.335426	-0.85
1924.41876	-0.67
1924.502093	-0.98
1924.585426	-0.78
1924.66876	-0.86
1924.752093	-0.46
1924.835426	-1.09
1924.91876	-0.66
1925.002093	-1.03
1925.085426	-0.47
1925.16876	-0.53
1925.252093	-0.52
1925.335426	-0.4
1925.41876	-0.18
1925.502093	0.5
1925.585426	0.68
1925.66876	0.77
1925.752093	0.85
1925.835426	1
1925.91876	1.6
1926.002093	1.52
1926.085426	1.29
1926.16876	1.19
1926.252093	1.01
1926.335426	0.83
1926.41876	0.61
1926.502093	0.63
1926.585426	0.15
1926.66876	-0.07
1926.752093	-0.39
1926.835426	-0.27
1926.91876	-0.23
1927.002093	0.1
1927.085426	0.23
1927.16876	-0.18
1927.252093	-0.27
1927.335426	-0.59
1927.41876	-0.15
1927.502093	-0.31
1927.585426	-0.09
1927.66876	-0.16
1927.752093	0.27
1927.835426	-0.04
1927.91876	0.25
1928.002093	0.47
1928.085426	0.21
1928.16876	-0.24
1928.252093	-0.22
1928.335426	-0.04
1928.41876	-0.26
1928.502093	0.02
1928.585426	-0.28
1928.66876	-0.13
1928.752093	-0.12
1928.835426	-0.17
1928.91876	-0.03
1929.002093	-0.15
1929.085426	-0.08
1929.16876	-0.15
1929.252093	-0.15
1929.335426	-0.17
1929.41876	0.13
1929.502093	-0.02
1929.585426	0.1
1929.66876	0.3
1929.752093	0.4
1929.835426	0.18
1929.91876	0.63
1930.002093	0.35
1930.085426	0.39
1930.16876	0.29
1930.252093	0.41
1930.335426	-0.04
1930.41876	0.27
1930.502093	0.64
1930.585426	0.68
1930.66876	1.28
1930.752093	1.14
1930.835426	1.79
1930.91876	1.41
1931.002093	1.49
1931.085426	1.33
1931.16876	1.18
1931.252093	0.96
1931.335426	0.63
1931.41876	0.48
1931.502093	0.4
1931.585426	0.15
1931.66876	-0.42
1931.752093	-0.22
1931.835426	-0.27
1931.91876	-0.28
1932.002093	-0.42
1932.085426	-0.19
1932.16876	0.25
1932.252093	0.25
1932.335426	0.28
1932.41876	0.19
1932.502093	-0.11
1932.585426	0.09
1932.66876	0.02
1932.752093	0.02
1932.835426	-0.04
1932.91876	-0.41
1933.002093	-0.21
1933.085426	-0.08
1933.16876	-0.2
1933.252093	0.01
1933.335426	-0.4
1933.41876	-0.86
1933.502093	-0.66
1933.585426	-0.94
1933.66876	-0.77
1933.752093	-1.1
1933.835426	-1.06
1933.91876	-1.21
1934.002093	-0.93
1934.085426	-0.87
1934.16876	-0.95
1934.252093	-0.42
1934.335426	-0.49
1934.41876	-0.33
1934.502093	-0.43
1934.585426	-0.33
1934.66876	-0.52
1934.752093	-0.26
1934.835426	-0.11
1934.91876	-0.24
1935.002093	-0.32
1935.085426	-0.19
1935.16876	-0.28
1935.252093	-0.32
1935.335426	-0.54
1935.41876	-0.4
1935.502093	-0.65
1935.585426	0.06
1935.66876	0.08
1935.752093	0.28
1935.835426	0.28
1935.91876	-0.04
1936.002093	0.74
1936.085426	0.49
1936.16876	0
1936.252093	0.29
1936.335426	-0.07
1936.41876	-0.35
1936.502093	-0.34
1936.585426	-0.32
1936.66876	-0.1
1936.752093	0.38
1936.835426	-0.03
1936.91876	0.63
1937.002093	-0.3
1937.085426	0.3
1937.16876	0.25
1937.252093	0.21
1937.335426	-0.43
1937.41876	-0.3
1937.502093	0.09
1937.585426	-0.2
1937.66876	0.17
1937.752093	-0.1
1937.835426	0.21
1937.91876	0.22
1938.002093	-0.21
1938.085426	0.23
1938.16876	-0.06
1938.252093	0.09
1938.335426	-0.33
1938.41876	-0.88
1938.502093	-0.98
1938.585426	-0.81
1938.66876	-0.28
1938.752093	-0.75
1938.835426	-0.72
1938.91876	-0.79
1939.002093	-0.67
1939.085426	-0.95
1939.16876	-0.85
1939.252093	-0.27
1939.335426	-0.25
1939.41876	0.05
1939.502093	0.25
1939.585426	0.06
1939.66876	0.43
1939.752093	-0.47
1939.835426	0.32
1939.91876	0.05
1940.002093	1.18
1940.085426	1.38
1940.16876	1.19
1940.252093	0.8
1940.335426	0.34
1940.41876	0.55
1940.502093	0.21
1940.585426	0.75
1940.66876	0.05
1940.752093	0.32
1940.835426	0.7
1940.91876	1.39
1941.002093	1.38
1941.085426	1.34
1941.16876	1.41
1941.252093	1.36
1941.335426	1.32
1941.41876	0.88
1941.502093	0.73
1941.585426	0.79
1941.66876	0.68
1941.752093	0.99
1941.835426	1.17
1941.91876	1.27
1942.002093	0.61
1942.085426	0.53
1942.16876	0.25
1942.252093	0.57
1942.335426	-0.1
1942.41876	-0.52
1942.502093	-0.55
1942.585426	-0.96
1942.66876	-1.17
1942.752093	-1.32
1942.835426	-1.5
1942.91876	-1.24
1943.002093	-1.2
1943.085426	-1.18
1943.16876	-1.1
1943.252093	-0.6
1943.335426	-0.36
1943.41876	-0.11
1943.502093	-0.09
1943.585426	0.05
1943.66876	-0.24
1943.752093	-0.44
1943.835426	-0.5
1943.91876	-0.42
1944.002093	-0.42
1944.085426	0.16
1944.16876	-0.21
1944.252093	0.11
1944.335426	0.14
1944.41876	0.04
1944.502093	0.08
1944.585426	0
1944.66876	-0.31
1944.752093	-0.22
1944.835426	-0.35
1944.91876	-0.26
1945.002093	-0.36
1945.085426	-0.47
1945.16876	-0.79
1945.252093	-0.76
1945.335426	-0.46
1945.41876	-0.59
1945.502093	-0.61
1945.585426	-0.84
1945.66876	-0.82
1945.752093	-0.86
1945.835426	-0.42
1945.91876	-0.54
1946.002093	-0.44
1946.085426	-0.24
1946.16876	-0.36
1946.252093	-0.48
1946.335426	-0.39
1946.41876	0.15
1946.502093	0.03
1946.585426	-0.52
1946.66876	-0.19
1946.752093	-0.01
1946.835426	-0.18
1946.91876	0.03
1947.002093	0.39
1947.085426	-0.13
1947.16876	0.28
1947.252093	-0.07
1947.335426	-0.55
1947.41876	0.07
1947.502093	-0.39
1947.585426	-0.37
1947.66876	-1.05
1947.752093	-0.82
1947.835426	-0.73
1947.91876	0.18
1948.002093	0.05
1948.085426	0.37
1948.16876	0.63
1948.252093	0.25
1948.335426	0.31
1948.41876	0.06
1948.502093	-0.06
1948.585426	-0.02
1948.66876	-0.02
1948.752093	-0.68
1948.835426	-0.3
1948.91876	0.38
1949.002093	-0.46
1949.085426	0.26
1949.16876	-0.55
1949.252093	0.19
1949.335426	-0.07
1949.41876	-0.72
1949.502093	-0.39
1949.585426	-0.32
1949.66876	-0.65
1949.752093	-0.72
1949.835426	-1.33
1949.91876	-1.2
1950.002093	-1.05
1950.085426	-1.5
1950.16876	-1.07
1950.252093	-0.91
1950.335426	-1.3
1950.41876	-0.86
1950.502093	-1.08
1950.585426	-0.63
1950.66876	-1.1
1950.752093	-0.83
1950.835426	-1.38
1950.91876	-1.04
1951.002093	-1.13
1951.085426	-0.74
1951.16876	-0.77
1951.252093	-0.17
1951.335426	-0.1
1951.41876	-0.09
1951.502093	0.66
1951.585426	0.9
1951.66876	0.67
1951.752093	0.79
1951.835426	0.78
1951.91876	0.71
1952.002093	0.39
1952.085426	0.24
1952.16876	0.04
1952.252093	0.41
1952.335426	-0.38
1952.41876	-0.66
1952.502093	-0.59
1952.585426	-0.42
1952.66876	-0.35
1952.752093	-0.04
1952.835426	-0.32
1952.91876	-0.55
1953.002093	0.36
1953.085426	0.24
1953.16876	0.22
1953.252093	0.77
1953.335426	0.35
1953.41876	0.41
1953.502093	0.2
1953.585426	0.04
1953.66876	0.67
1953.752093	0.11
1953.835426	0.31
1953.91876	0.15
1954.002093	0.39
1954.085426	0.21
1954.16876	0.01
1954.252093	-0.32
1954.335426	-0.53
1954.41876	-0.8
1954.502093	-1.02
1954.585426	-1.08
1954.66876	-1.03
1954.752093	-0.91
1954.835426	-1.17
1954.91876	-0.79
1955.002093	-0.66
1955.085426	-0.79
1955.16876	-0.8
1955.252093	-0.95
1955.335426	-1.23
1955.41876	-1.2
1955.502093	-1.32
1955.585426	-0.91
1955.66876	-1.33
1955.752093	-1.59
1955.835426	-1.91
1955.91876	-1.52
1956.002093	-1.23
1956.085426	-0.98
1956.16876	-0.93
1956.252093	-0.78
1956.335426	-0.59
1956.41876	-0.83
1956.502093	-0.94
1956.585426	-0.81
1956.66876	-0.91
1956.752093	-0.69
1956.835426	-1.01
1956.91876	-0.58
1957.002093	-0.56
1957.085426	-0.24
1957.16876	0.08
1957.252093	0.42
1957.335426	0.45
1957.41876	0.53
1957.502093	0.69
1957.585426	0.79
1957.66876	0.53
1957.752093	0.74
1957.835426	1.09
1957.91876	1.18
1958.002093	1.54
1958.085426	1.4
1958.16876	0.99
1958.252093	0.31
1958.335426	0.32
1958.41876	0.3
1958.502093	0.04
1958.585426	0.24
1958.66876	-0.31
1958.752093	-0.03
1958.835426	0.05
1958.91876	0.3
1959.002093	0.43
1959.085426	0.5
1959.16876	0.26
1959.252093	0.27
1959.335426	-0.01
1959.41876	-0.33
1959.502093	-0.28
1959.585426	-0.41
1959.66876	-0.53
1959.752093	0.11
1959.835426	-0.17
1959.91876	-0.05
1960.002093	0.02
1960.085426	-0.24
1960.16876	-0.08
1960.252093	0.01
1960.335426	0.05
1960.41876	-0.2
1960.502093	-0.25
1960.585426	0
1960.66876	0.03
1960.752093	-0.07
1960.835426	-0.38
1960.91876	0.02
1961.002093	-0.15
1961.085426	0.04
1961.16876	-0.1
1961.252093	0.13
1961.335426	-0.01
1961.41876	0.1
1961.502093	-0.32
1961.585426	-0.25
1961.66876	-0.52
1961.752093	-0.71
1961.835426	-0.19
1961.91876	-0.29
1962.002093	-0.25
1962.085426	-0.16
1962.16876	-0.41
1962.252093	-0.32
1962.335426	-0.42
1962.41876	-0.22
1962.502093	-0.3
1962.585426	-0.13
1962.66876	-0.56
1962.752093	-0.33
1962.835426	-0.43
1962.91876	-0.49
1963.002093	-0.32
1963.085426	-0.26
1963.16876	-0.06
1963.252093	-0.06
1963.335426	0
1963.41876	0.12
1963.502093	0.72
1963.585426	0.9
1963.66876	0.65
1963.752093	0.84
1963.835426	0.75
1963.91876	1.05
1964.002093	0.76
1964.085426	0.55
1964.16876	-0.16
1964.252093	-0.53
1964.335426	-0.74
1964.41876	-0.88
1964.502093	-0.65
1964.585426	-0.76
1964.66876	-0.93
1964.752093	-1
1964.835426	-1.1
1964.91876	-1.07
1965.002093	-0.57
1965.085426	-0.36
1965.16876	-0.34
1965.252093	-0.09
1965.335426	0.19
1965.41876	0.45
1965.502093	0.81
1965.585426	1.25
1965.66876	1.26
1965.752093	1.61
1965.835426	1.54
1965.91876	1.45
1966.002093	1.13
1966.085426	0.83
1966.16876	0.83
1966.252093	0.54
1966.335426	-0.06
1966.41876	0.14
1966.502093	0.23
1966.585426	-0.1
1966.66876	-0.05
1966.752093	-0.05
1966.835426	-0.37
1966.91876	-0.26
1967.002093	-0.55
1967.085426	-0.56
1967.16876	-0.47
1967.252093	-0.53
1967.335426	-0.24
1967.41876	-0.12
1967.502093	-0.1
1967.585426	-0.31
1967.66876	-0.59
1967.752093	-0.38
1967.835426	-0.34
1967.91876	-0.35
1968.002093	-0.6
1968.085426	-0.74
1968.16876	-0.76
1968.252093	-0.47
1968.335426	-0.44
1968.41876	0.19
1968.502093	0.31
1968.585426	0.33
1968.66876	0.05
1968.752093	0.32
1968.835426	0.76
1968.91876	0.76
1969.002093	0.9
1969.085426	1.02
1969.16876	0.61
1969.252093	0.33
1969.335426	0.39
1969.41876	0.26
1969.502093	0.1
1969.585426	0.52
1969.66876	0.47
1969.752093	0.66
1969.835426	0.75
1969.91876	0.68
1970.002093	0.55
1970.085426	0.36
1970.16876	0.26
1970.252093	0.18
1970.335426	0.01
1970.41876	-0.3
1970.502093	-0.98
1970.585426	-0.95
1970.66876	-0.78
1970.752093	-0.65
1970.835426	-0.85
1970.91876	-1.11
1971.002093	-1.47
1971.085426	-1.28
1971.16876	-1.29
1971.252093	-0.97
1971.335426	-0.82
1971.41876	-0.78
1971.502093	-0.64
1971.585426	-0.65
1971.66876	-0.75
1971.752093	-0.78
1971.835426	-0.85
1971.91876	-0.89
1972.002093	-0.58
1972.085426	-0.22
1972.16876	-0.25
1972.252093	0.21
1972.335426	0.33
1972.41876	0.66
1972.502093	0.83
1972.585426	1.3
1972.66876	1.19
1972.752093	1.77
1972.835426	1.87
1972.91876	2.19
1973.002093	1.6
1973.085426	1.08
1973.16876	0.58
1973.252093	-0.07
1973.335426	-0.56
1973.41876	-0.86
1973.502093	-1.14
1973.585426	-1.21
1973.66876	-1.4
1973.752093	-1.58
1973.835426	-2.07
1973.91876	-2.18
1974.002093	-2.02
1974.085426	-1.5
1974.16876	-1.44
1974.252093	-1
1974.335426	-0.79
1974.41876	-0.7
1974.502093	-0.65
1974.585426	-0.32
1974.66876	-0.35
1974.752093	-0.75
1974.835426	-0.96
1974.91876	-0.86
1975.002093	-0.37
1975.085426	-0.33
1975.16876	-0.59
1975.252093	-0.59
1975.335426	-1
1975.41876	-1.25
1975.502093	-1.24
1975.585426	-1.16
1975.66876	-1.44
1975.752093	-1.47
1975.835426	-1.46
1975.91876	-1.64
1976.002093	-1.8
1976.085426	-1.05
1976.16876	-0.68
1976.252093	-0.42
1976.335426	-0.49
1976.41876	0
1976.502093	0.15
1976.585426	0.31
1976.66876	0.57
1976.752093	0.86
1976.835426	0.88
1976.91876	0.64
1977.002093	0.84
1977.085426	0.55
1977.16876	0.4
1977.252093	-0.25
1977.335426	-0.03
1977.41876	0.36
1977.502093	0.45
1977.585426	0.25
1977.66876	0.44
1977.752093	0.89
1977.835426	1.03
1977.91876	1.09
1978.002093	0.72
1978.085426	0.51
1978.16876	0.06
1978.252093	-0.37
1978.335426	-0.49
1978.41876	-0.45
1978.502093	-0.48
1978.585426	-0.62
1978.66876	-0.6
1978.752093	-0.34
1978.835426	-0.15
1978.91876	0.07
1979.002093	0.05
1979.085426	0.09
1979.16876	0.13
1979.252093	0.17
1979.335426	-0.09
1979.41876	0.04
1979.502093	-0.2
1979.585426	0.21
1979.66876	0.48
1979.752093	0.32
1979.835426	0.35
1979.91876	0.69
1980.002093	0.55
1980.085426	0.33
1980.16876	0.09
1980.252093	0.2
1980.335426	0.13
1980.41876	0.37
1980.502093	0.02
1980.585426	-0.23
1980.66876	-0.12
1980.752093	-0.11
1980.835426	0.1
1980.91876	0.36
1981.002093	-0.45
1981.085426	-0.45
1981.16876	-0.02
1981.252093	-0.17
1981.335426	-0.11
1981.41876	-0.15
1981.502093	-0.43
1981.585426	-0.18
1981.66876	-0.07
1981.752093	-0.03
1981.835426	-0.27
1981.91876	0.07
1982.002093	-0.04
1982.085426	-0.13
1982.16876	-0.02
1982.252093	0.24
1982.335426	0.65
1982.41876	0.92
1982.502093	0.64
1982.585426	0.93
1982.66876	1.39
1982.752093	2
1982.835426	2.07
1982.91876	2.33
1983.002093	2.43
1983.085426	2.22
1983.16876	1.69
1983.252093	1.12
1983.335426	1.12
1983.41876	0.62
1983.502093	-0.11
1983.585426	-0.13
1983.66876	-0.5
1983.752093	-1.03
1983.835426	-1.13
1983.91876	-0.95
1984.002093	-0.8
1984.085426	-0.53
1984.16876	-0.48
1984.252093	-0.6
1984.335426	-0.64
1984.41876	-0.9
1984.502093	-0.4
1984.585426	-0.4
1984.66876	-0.35
1984.752093	-0.83
1984.835426	-1.18
1984.91876	-1.53
1985.002093	-0.89
1985.085426	-0.91
1985.16876	-0.96
1985.252093	-0.98
1985.335426	-0.9
1985.41876	-0.76
1985.502093	-0.61
1985.585426	-0.49
1985.66876	-0.57
1985.752093	-0.64
1985.835426	-0.43
1985.91876	-0.4
1986.002093	-0.79
1986.085426	-0.64
1986.16876	-0.51
1986.252093	-0.41
1986.335426	-0.47
1986.41876	-0.08
1986.502093	0.16
1986.585426	0.24
1986.66876	0.59
1986.752093	0.9
1986.835426	1.04
1986.91876	0.98
1987.002093	1.19
1987.085426	1.17
1987.16876	1.24
1987.252093	0.89
1987.335426	0.91
1987.41876	1.24
1987.502093	1.34
1987.585426	1.48
1987.66876	1.53
1987.752093	1.36
1987.835426	1.29
1987.91876	1.05
1988.002093	0.69
1988.085426	0.35
1988.16876	0.29
1988.252093	-0.49
1988.335426	-1.05
1988.41876	-1.46
1988.502093	-1.54
1988.585426	-1.44
1988.66876	-1.33
1988.752093	-2.09
1988.835426	-2.18
1988.91876	-1.98
1989.002093	-1.95
1989.085426	-1.37
1989.16876	-1.33
1989.252093	-1.11
1989.335426	-0.8
1989.41876	-0.64
1989.502093	-0.47
1989.585426	-0.58
1989.66876	-0.38
1989.752093	-0.4
1989.835426	-0.3
1989.91876	-0.13
1990.002093	0.02
1990.085426	0.36
1990.16876	0.2
1990.252093	0.26
1990.335426	0.32
1990.41876	0
1990.502093	0.15
1990.585426	0.17
1990.66876	0.12
1990.752093	0.13
1990.835426	0.08
1990.91876	0.32
1991.002093	0.51
1991.085426	0.32
1991.16876	0.1
1991.252093	0.21
1991.335426	0.44
1991.41876	0.65
1991.502093	0.62
1991.585426	0.43
1991.66876	0.22
1991.752093	0.91
1991.835426	1.14
1991.91876	1.62
1992.002093	1.61
1992.085426	1.62
1992.16876	1.5
1992.252093	1.41
1992.335426	1.27
1992.41876	0.53
1992.502093	0.27
1992.585426	-0.15
1992.66876	-0.14
1992.752093	-0.35
1992.835426	-0.14
1992.91876	0.04
1993.002093	0.28
1993.085426	0.42
1993.16876	0.47
1993.252093	0.92
1993.335426	0.93
1993.41876	0.64
1993.502093	0.33
1993.585426	0.16
1993.66876	0.26
1993.752093	0.36
1993.835426	0.28
1993.91876	0.19
1994.002093	0.03
1994.085426	-0.16
1994.16876	-0.06
1994.252093	0.03
1994.335426	0.14
1994.41876	0.27
1994.502093	0.16
1994.585426	0.52
1994.66876	0.4
1994.752093	0.9
1994.835426	1.14
1994.91876	1.21
1995.002093	1.1
1995.085426	0.87
1995.16876	0.49
1995.252093	0.27
1995.335426	0.03
1995.41876	0.08
1995.502093	0.03
1995.585426	-0.38
1995.66876	-0.57
1995.752093	-0.72
1995.835426	-0.78
1995.91876	-0.72
1996.002093	-0.65
1996.085426	-0.66
1996.16876	-0.48
1996.252093	-0.34
1996.335426	-0.4
1996.41876	-0.12
1996.502093	-0.14
1996.585426	-0.3
1996.66876	-0.34
1996.752093	-0.28
1996.835426	-0.3
1996.91876	-0.43
1997.002093	-0.43
1997.085426	-0.24
1997.16876	-0.06
1997.252093	0.34
1997.335426	0.87
1997.41876	1.15
1997.502093	1.6
1997.585426	1.94
1997.66876	2.1
1997.752093	2.29
1997.835426	2.42
1997.91876	2.3
1998.002093	2.42
1998.085426	2.08
1998.16876	1.49
1998.252093	0.9
1998.335426	0.68
1998.41876	-0.39
1998.502093	-0.73
1998.585426	-0.83
1998.66876	-0.82
1998.752093	-1.19
1998.835426	-1.23
1998.91876	-1.51
1999.002093	-1.53
1999.085426	-1.41
1999.16876	-0.92
1999.252093	-0.81
1999.335426	-0.87
1999.41876	-0.95
1999.502093	-0.84
1999.585426	-0.98
1999.66876	-0.84
1999.752093	-1.03
1999.835426	-1.41
1999.91876	-1.54
2000.002093	-1.79
2000.085426	-1.53
2000.16876	-1.26
2000.252093	-0.8
2000.335426	-0.8
2000.41876	-0.75
2000.502093	-0.57
2000.585426	-0.36
2000.66876	-0.39
2000.752093	-0.55
2000.835426	-0.75
2000.91876	-0.92
2001.002093	-0.88
2001.085426	-0.63
2001.16876	-0.48
2001.252093	-0.3
2001.335426	-0.3
2001.41876	-0.11
2001.502093	0.01
2001.585426	-0.07
2001.66876	-0.28
2001.752093	-0.26
2001.835426	-0.28
2001.91876	-0.46
2002.002093	-0.14
2002.085426	0
2002.16876	0.11
2002.252093	0.14
2002.335426	0.21
2002.41876	0.68
2002.502093	0.57
2002.585426	0.7
2002.66876	0.82
2002.752093	1.16
2002.835426	1.41
2002.91876	1.41
2003.002093	0.98
2003.085426	0.64
2003.16876	0.48
2003.252093	-0.03
2003.335426	-0.52
2003.41876	-0.19
2003.502093	0.14
2003.585426	0.05
2003.66876	0.15
2003.752093	0.46
2003.835426	0.39
2003.91876	0.32
2004.002093	0.26
2004.085426	0.17
2004.16876	-0.1
2004.252093	0.06
2004.335426	0.1
2004.41876	0.14
2004.502093	0.41
2004.585426	0.66
2004.66876	0.67
2004.752093	0.73
2004.835426	0.62
2004.91876	0.71
2005.002093	0.56
2005.085426	0.26
2005.16876	0.28
2005.252093	0.28
2005.335426	0.3
2005.41876	0.22
2005.502093	-0.01
2005.585426	-0.04
2005.66876	-0.08
2005.752093	-0.15
2005.835426	-0.44
2005.91876	-0.75
2006.002093	-0.98
2006.085426	-0.71
2006.16876	-0.73
2006.252093	-0.3
2006.335426	-0.11
2006.41876	0.09
2006.502093	0.03
2006.585426	0.37
2006.66876	0.63
2006.752093	0.76
2006.835426	0.98
2006.91876	1.1
2007.002093	0.59
2007.085426	0.12
2007.16876	-0.15
2007.252093	-0.16
2007.335426	-0.39
2007.41876	-0.16
2007.502093	-0.37
2007.585426	-0.57
2007.66876	-1.04
2007.752093	-1.4
2007.835426	-1.58
2007.91876	-1.61
2008.002093	-1.79
2008.085426	-1.7
2008.16876	-1.17
2008.252093	-0.89
2008.335426	-0.64
2008.41876	-0.44
2008.502093	-0.04
2008.585426	-0.04
2008.66876	-0.28
2008.752093	-0.3
2008.835426	-0.37
2008.91876	-0.9
2009.002093	-1
2009.085426	-0.71
2009.16876	-0.72
2009.252093	-0.25
2009.335426	0.17
2009.41876	0.49
2009.502093	0.69
2009.585426	0.62
2009.66876	0.68
2009.752093	0.96
2009.835426	1.49
2009.91876	1.81
2010.002093	1.43
2010.085426	1.18
2010.16876	1.07
2010.252093	0.56
2010.335426	-0.15
2010.41876	-0.62
2010.502093	-0.89
2010.585426	-1.33
2010.66876	-1.56
2010.752093	-1.65
2010.835426	-1.57
2010.91876	-1.63
2011.002093	-1.7
2011.085426	-1.26
2011.16876	-0.98
2011.252093	-0.74
2011.335426	-0.53
2011.41876	-0.25
2011.502093	-0.23
2011.585426	-0.66
2011.66876	-0.76
2011.752093	-0.93
2011.835426	-1.09
2011.91876	-1.05
2012.002093	-0.93
2012.085426	-0.61
2012.16876	-0.48
2012.252093	-0.29
2012.335426	-0.18
2012.41876	0.14
2012.502093	0.44
2012.585426	0.66
2012.66876	0.44
2012.752093	0.23
2012.835426	0.33
2012.91876	-0.13
2013.002093	-0.42
2013.085426	-0.4
2013.16876	-0.14
2013.252093	-0.08
2013.335426	-0.28
2013.41876	-0.33
2013.502093	-0.28
2013.585426	-0.29
2013.66876	-0.09
2013.752093	-0.24
2013.835426	-0.02
2013.91876	-0.09
2014.002093	-0.42
2014.085426	-0.45
2014.16876	-0.07
2014.252093	0.28
2014.335426	0.45
2014.41876	0.48
2014.502093	0.13
2014.585426	0.14
2014.66876	0.37
2014.752093	0.48
2014.835426	0.89
2014.91876	0.77
2015.002093	0.59
2015.085426	0.57
2015.16876	0.48
2015.252093	0.9
2015.335426	1.04
2015.41876	1.28
2015.502093	1.56
2015.585426	1.87
2015.66876	2.01
2015.752093	2.21
2015.835426	2.57
2015.91876	2.56
2016.002093	2.56
2016.085426	2.11
2016.16876	1.6
2016.252093	1.05
2016.335426	0.45
2016.41876	0.06
2016.502093	-0.25
2016.585426	-0.48
2016.66876	-0.46
2016.752093	-0.75
2016.835426	-0.63
2016.91876	-0.51
2017.002093	-0.34
2017.085426	-0.01
2017.16876	-0.09
2017.252093	0.22
2017.335426	0.3
2017.41876	0.22
2017.502093	0.22
2017.585426	-0.18
2017.66876	-0.56
2017.752093	-0.52
2017.835426	-0.84
2017.91876	-0.85
2018.002093	-0.86
2018.085426	-0.73
2018.16876	-0.73
2018.252093	-0.36
2018.335426	-0.12
2018.41876	0.12
2018.502093	0.27
2018.585426	0.05
2018.66876	0.3
2018.752093	0.84
2018.835426	1
2018.91876	0.97
2019.002093	0.51
2019.085426	0.62
2019.16876	0.81
2019.252093	0.67
2019.335426	0.61
2019.41876	0.66
2019.502093	0.41
2019.585426	0.19
2019.66876	0.11
2019.752093	0.55
2019.835426	0.74
2019.91876	0.51
2020.002093	0.64
2020.085426	0.48
2020.16876	0.36
2020.252093	0.49
2020.335426	-0.12
2020.41876	-0.21
2020.502093	-0.04
2020.585426	-0.42
2020.66876	-0.66
2020.752093	-1.19
2020.835426	-1.01
2020.91876	-0.98
2021.002093	-1.04
2021.085426	-0.94
2021.16876	-0.72
2021.252093	-0.55
2021.335426	-0.41
2021.41876	-0.06
2021.502093	-0.2
2021.585426	-0.38
2021.66876	-0.5
2021.752093	-0.78
2021.835426	-0.88
2021.91876	-1.07
2022.002093	-0.77
2022.085426	-0.68
2022.16876	-0.84
