offs    0.00645286410
bg     -0.03130675145
impA    5.63359647141
impB    0.21745597155
impC   87.87293691090
delA    1.13066968812
delB    0.25000001585
asym   -0.05383677941
ann1   -0.36005410820
ann2    0.98983603050
sem1    1.40231631716
sem2    2.60286124385
year    0.00000000000
IR      0.00484297736
ma     -0.24986899111
mp     -0.00620390285
shfT   -0.00889762271
init   -0.00029658994
   9.10846048930  -0.02808812024 -44.11977918071
  29.53064709718  -0.01248303480   2.85602513464
  27.09261953873   0.20493194228  -1.71832285244
   6.82354927062   0.00098026705   3.21334449140
   6.85248206692  -0.05761451702  -1.15247812032
  13.60611041000   0.02211427104  -2.04478390501
  13.66081618500  -0.28978103019   0.33952420947
3397.64080307470   0.03513841149 -17.33246707164
   9.12068594402   0.01580880387-261.55640849910
  13.77727494000  -0.06773436216   5.74223656105
6795.28160614939   0.01275678549  -1.05272132093
  27.55454988000   0.08260133905   0.77443859786
  27.66673720859  -0.00878481318  -0.42788229030
  27.44326870576  -0.03172347256   6.50424358931
1616.09851046018   0.01473855902   4.22658764236
   6.85939920631   0.04865313712  -3.89484499638
   6.83040809250  -0.06441667928  -2.60456748623
   9.55687890429   0.00794837983   2.16032654214
   9.13294426107   0.00582584981  -1.62276764337
  27.32163237000   0.05493869256 -18.12827095259
  27.21222082000  -0.56105907811  -0.58481947937
   9.18484996000  -0.02477849746  -1.63772144582
  14.76532354859   0.32794164284  -2.33218693002
  31.81207632667   0.24792160464  23.80820556994
   9.06950090247   0.01854690697  10.94840583781
  13.63340841926   0.00704452805   1.55276872511
  26.98503088862  -0.01132941385  -1.95461054891
 365.25000000000  -0.02875951936   2.84424893208
 182.85000000000   0.14672174338   3.68398814837
 121.11000000000   0.00697533746  -5.66250955901
ltep   -0.56187137730
ltep    1.84991444857
ltep   -0.66518254308
ltep   -0.06426373758
ltep   11.12583494929
ltep  186.50966763173
ltep  575.32651804612
ltep   69.99826632624
ltep   70.42913612904
ltep  397.60388762234
ltep    0.50039614503
harm  20
harm  210
harm  0
